HG-IV	Fevi	F4	EGC	date
0.478755	0.478755	0.40316	0.198594	2016-05-08
0.591858	0.591858	0.435502	0.642158	2016-05-16
5.103279	5.103279	0.711763	3.724184	2016-05-24
5.329148	5.329148	0.666096	7.375747	2016-06-01
4.444718	4.444718	1.106137	0.307188	2016-06-09
2.606192	2.606192	1.411194	NA	2016-06-17
0.515443	0.515443	1.76944	3.098221	2016-06-25
1.150266	1.150266	3.201985	0.807166	2016-07-03
0.601908	0.601908	4.573324	0.28593	2016-07-11
0.424372	0.424372	0.770276	0.358385	2016-07-19
0.679898	0.679898	0.835476	0.239052	2016-07-27
0.682835	0.682835	0.545878	0.281489	2016-08-04
0.829381	0.829381	1.291408	0.32499	2016-08-12
0.914283	0.914283	1.00639	0.311804	2016-08-20
NA	NA	NA	NA	2016-08-28
NA	NA	NA	NA	2016-09-05
NA	NA	NA	NA	2016-09-13
NA	NA	NA	NA	2016-09-21
NA	NA	NA	NA	2016-09-29
NA	NA	NA	NA	2016-10-07
NA	NA	NA	NA	2016-10-15
NA	NA	NA	NA	2016-10-23
NA	NA	NA	NA	2016-10-31
NA	NA	NA	NA	2016-11-08
NA	NA	NA	NA	2016-11-16
NA	NA	NA	NA	2016-11-24
NA	NA	NA	NA	2016-12-02
NA	NA	NA	NA	2016-12-10
NA	NA	NA	NA	2016-12-18
NA	NA	NA	NA	2016-12-26
NA	NA	NA	NA	2017-01-01
NA	NA	NA	NA	2017-01-09
NA	NA	NA	NA	2017-01-17
NA	NA	NA	NA	2017-01-25
NA	NA	NA	NA	2017-02-02
NA	NA	NA	NA	2017-02-10
NA	NA	NA	NA	2017-02-18
NA	NA	NA	NA	2017-02-26
NA	NA	NA	NA	2017-03-06
NA	NA	NA	NA	2017-03-14
NA	NA	NA	NA	2017-03-22
NA	NA	NA	NA	2017-03-30
NA	NA	NA	NA	2017-04-07
0.306619	0.306619	0.611356	NA	2017-04-15
0.495054	0.495054	0.40328	NA	2017-04-23
0.782085	0.782085	0.523627	NA	2017-05-01
1.838729	1.838729	0.358	NA	2017-05-09
0.305625	0.305625	0.263712	NA	2017-05-17
4.283005	4.283005	0.503611	0.679895	2017-05-25
4.358634	4.358634	2.866178	0.233051	2017-06-02
1.39145	1.39145	1.268958	NA	2017-06-10
2.038749	2.038749	1.767684	NA	2017-06-18
0.55181	0.55181	1.288594	0.444695	2017-06-26
0.677105	0.677105	1.077174	2.524606	2017-07-04
NA	NA	NA	NA	2017-07-12
0.655185	0.655185	0.858658	0.728997	2017-07-20
0.957887	0.957887	1.098256	0.569549	2017-07-28
0.61738	0.61738	0.99107	0.415949	2017-08-05
0.793074	0.793074	0.967259	0.598128	2017-08-13
0.733911	0.733911	1.402071	0.419424	2017-08-21
NA	NA	NA	0.359318	2017-08-29
NA	NA	NA	NA	2017-09-06
NA	NA	NA	NA	2017-09-14
NA	NA	NA	NA	2017-09-22
NA	NA	NA	NA	2017-09-30
NA	NA	NA	NA	2017-10-08
NA	NA	NA	NA	2017-10-16
NA	NA	NA	NA	2017-10-24
NA	NA	NA	NA	2017-11-01
NA	NA	NA	NA	2017-11-09
NA	NA	NA	NA	2017-11-17
NA	NA	NA	NA	2017-11-25
NA	NA	NA	NA	2017-12-03
NA	NA	NA	NA	2017-12-11
NA	NA	NA	NA	2017-12-19
NA	NA	NA	NA	2017-12-27
NA	NA	NA	NA	2018-01-01
NA	NA	NA	NA	2018-01-09
NA	NA	NA	NA	2018-01-17
NA	NA	NA	NA	2018-01-25
NA	NA	NA	NA	2018-02-02
NA	NA	NA	NA	2018-02-10
NA	NA	NA	NA	2018-02-18
NA	NA	NA	NA	2018-02-26
NA	NA	NA	NA	2018-03-06
NA	NA	NA	NA	2018-03-14
NA	NA	NA	NA	2018-03-22
NA	NA	NA	NA	2018-03-30
0.228882	0.228882	0.216694	NA	2018-04-07
0.208826	0.208826	0.219925	NA	2018-04-15
0.215857	0.215857	0.413744	0.472707	2018-04-23
1.147187	1.147187	0.604602	2.61864	2018-05-01
1.674061	1.674061	0.691832	1.030594	2018-05-09
3.737534	3.737534	1.195474	2.717532	2018-05-17
3.441682	3.441682	2.444139	1.451766	2018-05-25
0.856119	0.856119	2.396265	NA	2018-06-02
2.669788	2.669788	6.753266	1.328061	2018-06-10
1.653939	1.653939	4.657524	0.348947	2018-06-18
2.914772	2.914772	4.700898	0.742282	2018-06-26
3.05511	3.05511	4.498871	2.466005	2018-07-04
1.311077	1.311077	2.862192	1.098603	2018-07-12
NA	NA	1.390116	0.609367	2018-07-20
1.051453	1.051453	NA	0.99534	2018-07-28
0.583307	0.583307	0.744897	0.986385	2018-08-05
NA	NA	0.628092	NA	2018-08-13
0.304282	0.304282	1.690667	NA	2018-08-21
NA	NA	1.225193	NA	2018-08-29
NA	NA	NA	NA	2018-09-06
NA	NA	NA	NA	2018-09-14
NA	NA	NA	NA	2018-09-22
NA	NA	NA	NA	2018-09-30
NA	NA	NA	NA	2018-10-08
NA	NA	NA	NA	2018-10-16
NA	NA	NA	NA	2018-10-24
NA	NA	NA	NA	2018-11-01
NA	NA	NA	NA	2018-11-09
NA	NA	NA	NA	2018-11-17
NA	NA	NA	NA	2018-11-25
NA	NA	NA	NA	2018-12-03
NA	NA	NA	NA	2018-12-11
NA	NA	NA	NA	2018-12-19
NA	NA	NA	NA	2018-12-27
NA	NA	NA	NA	2019-01-01
NA	NA	NA	NA	2019-01-09
NA	NA	NA	NA	2019-01-17
NA	NA	NA	NA	2019-01-25
NA	NA	NA	NA	2019-02-02
NA	NA	NA	NA	2019-02-10
NA	NA	NA	NA	2019-02-18
NA	NA	NA	NA	2019-02-26
NA	NA	NA	NA	2019-03-06
NA	NA	NA	NA	2019-03-14
NA	NA	NA	NA	2019-03-22
NA	NA	NA	NA	2019-03-30
NA	NA	NA	NA	2019-04-07
0.443787	0.443787	NA	NA	2019-04-15
1.183019	1.183019	0.350723	NA	2019-04-23
0.850438	0.850438	0.375168	NA	2019-05-01
NA	NA	1.844523	NA	2019-05-09
7.167328	7.167328	1.015258	NA	2019-05-17
7.945845	7.945845	0.958289	0.190418	2019-05-25
6.418129	6.418129	0.794852	0.143897	2019-06-02
8.094721	8.094721	3.027193	0.109856	2019-06-10
1.631742	1.631742	6.023208	0.107132	2019-06-18
0.329017	0.329017	1.109463	NA	2019-06-26
1.090007	1.090007	1.699847	NA	2019-07-04
0.400361	0.400361	1.307599	NA	2019-07-12
0.425365	0.425365	1.213382	2.072602	2019-07-20
0.420331	0.420331	1.141428	NA	2019-07-28
0.348433	0.348433	0.719698	NA	2019-08-05
0.89557	0.89557	1.186459	NA	2019-08-13
0.877695	0.877695	1.701279	NA	2019-08-21
NA	NA	NA	NA	2019-08-29
NA	NA	NA	NA	2019-09-06
NA	NA	NA	NA	2019-09-14
NA	NA	NA	NA	2019-09-22
NA	NA	NA	NA	2019-09-30
NA	NA	NA	NA	2019-10-08
NA	NA	NA	NA	2019-10-16
NA	NA	NA	NA	2019-10-24
NA	NA	NA	NA	2019-11-01
NA	NA	NA	NA	2019-11-09
NA	NA	NA	NA	2019-11-17
NA	NA	NA	NA	2019-11-25
NA	NA	NA	NA	2019-12-03
NA	NA	NA	NA	2019-12-11
NA	NA	NA	NA	2019-12-19
NA	NA	NA	NA	2019-12-27
NA	NA	NA	NA	2020-01-01
NA	NA	NA	NA	2020-01-09
NA	NA	NA	NA	2020-01-17
NA	NA	NA	NA	2020-01-25
NA	NA	NA	NA	2020-02-02
NA	NA	NA	NA	2020-02-10
NA	NA	NA	NA	2020-02-18
NA	NA	NA	NA	2020-02-26
NA	NA	NA	NA	2020-03-05
NA	NA	NA	NA	2020-03-13
NA	NA	NA	NA	2020-03-21
NA	NA	NA	NA	2020-03-29
NA	NA	NA	NA	2020-04-06
0.330043	0.330043	0.327944	NA	2020-04-14
0.358934	0.358934	0.515203	NA	2020-04-22
2.016301	2.016301	0.836368	NA	2020-04-30
2.263013	2.263013	0.757891	NA	2020-05-08
3.625419	3.625419	0.799964	NA	2020-05-16
NA	NA	0.72785	NA	2020-05-24
1.850722	1.850722	0.91496	NA	2020-06-01
2.673331	2.673331	0.822745	0.096666	2020-06-09
1.155191	1.155191	1.006974	NA	2020-06-17
1.054578	1.054578	1.142339	NA	2020-06-25
1.050022	1.050022	2.144775	NA	2020-07-03
2.264723	2.264723	3.330119	NA	2020-07-11
0.822838	0.822838	0.86351	0.180481	2020-07-19
0.676079	0.676079	0.821148	NA	2020-07-27
0.425214	0.425214	1.246705	0.686184	2020-08-04
0.735078	0.735078	0.705969	NA	2020-08-12
0.64394	0.64394	0.694545	0.379294	2020-08-20
NA	NA	NA	NA	2020-08-28
NA	NA	NA	NA	2020-09-05
NA	NA	NA	NA	2020-09-13
NA	NA	NA	NA	2020-09-21
NA	NA	NA	NA	2020-09-29
NA	NA	NA	NA	2020-10-07
NA	NA	NA	NA	2020-10-15
NA	NA	NA	NA	2020-10-23
NA	NA	NA	NA	2020-10-31
NA	NA	NA	NA	2020-11-08
NA	NA	NA	NA	2020-11-16
NA	NA	NA	NA	2020-11-24
NA	NA	NA	NA	2020-12-02
NA	NA	NA	NA	2020-12-10
NA	NA	NA	NA	2020-12-18
NA	NA	NA	NA	2020-12-26
NA	NA	NA	NA	2021-01-01
