date	HG-IV	Fevi	F4	EGC
2016-05-01	0	0	0	100
2016-05-02	0	0	0	96.878965
2016-05-03	0	0	0	96.321097
2016-05-04	0	0	0	89.569616
2016-05-05	0	0	0	62.52225
2016-05-06	0	0	0	43.232083
2016-05-07	0	0	0	80.040624
2016-05-08	0	0	0	71.225746
2016-05-09	0	0	0	74.103746
2016-05-10	0	0	0	61.951682
2016-05-11	0	0	0	70.750878
2016-05-12	0	0	0	11.193199
2016-05-13	0	0	0	26.274941
2016-05-14	0	0	0	16.049893
2016-05-15	0	0	0	49.190567
2016-05-16	0	0	0	75.611094
2016-05-17	0	0	0	54.958648
2016-05-18	0	0	0	64.057615
2016-05-19	0	0	0	13.694144
2016-05-20	0	0	0	67.23882
2016-05-21	0	0	0	86.05099
2016-05-22	0	0	0	51.026826
2016-05-23	0	0	0	44.437829
2016-05-24	0	0	0	46.988443
2016-05-25	0	0	0	48.606492
2016-05-26	0	0	0	74.957542
2016-05-27	0	0	0	40.648152
2016-05-28	0	0	0	32.769822
2016-05-29	0	0	0	67.181629
2016-05-30	0	0	0	43.347076
2016-05-31	0	0	0	24.618869
2016-06-01	0	0	0	51.697356
2016-06-02	0	0	0	53.865135
2016-06-03	0	0	0	45.54961
2016-06-04	0	0	0	20.978232
2016-06-05	0	0	0	36.716963
2016-06-06	0	0	0	47.7364
2016-06-07	0	0	0	72.441067
2016-06-08	0	0	0	73.162593
2016-06-09	0	0	0	84.609581
2016-06-10	0	0	0	81.938722
2016-06-11	0	0	0	84.929461
2016-06-12	0	0	0	69.303554
2016-06-13	0	0	0	70.780887
2016-06-14	0	0	0	67.390095
2016-06-15	0	0	0	46.371457
2016-06-16	0	0	0	98.459752
2016-06-17	0	0	0	88.791187
2016-06-18	0	0	0	89.62638
2016-06-19	0	0	0	60.628704
2016-06-20	0	0	0	71.652109
2016-06-21	0	0	0	83.26267
2016-06-22	3.572841	3.572841	0	71.225704
2016-06-23	3.186129	3.186129	0	50.883226
2016-06-24	0.634648	0.634648	0	45.450778
2016-06-25	0.597141	0.597141	0	71.753415
2016-06-26	0	0	0	68.690599
2016-06-27	0	0	0	29.874515
2016-06-28	1.839525	1.839525	0	31.08409
2016-06-29	1.415052	1.415052	0	41.194065
2016-06-30	0	0	0	64.288395
2016-07-01	0	0	0	65.20608
2016-07-02	0	0	0	42.243864
2016-07-03	0	0	0	19.321693
2016-07-04	0	0	0	4.50029
2016-07-05	0	0	0	18.280164
2016-07-06	0	0	0	24.640882
2016-07-07	0	0	0	29.201998
2016-07-08	0	0	0	24.870772
2016-07-09	0	0	0	3.781639
2016-07-10	0	0	0	0
2016-07-11	0	0	0	1.257928
2016-07-12	0	0	0	1.088444
2016-07-13	0	0	0	1.544847
2016-07-14	0	0	0	3.598608
2016-07-15	0	0	0	13.153843
2016-07-16	0	0	0	4.457312
2016-07-17	0	0	0	1.843051
2016-07-18	0	0	0	0
2016-07-19	0	0	0	0.815614
2016-07-20	0	0	0	0
2016-07-21	0	0	0	0
2016-07-22	0	0	0	0
2016-07-23	0	0	0	0
2016-07-24	0	0	0	4.652
2016-07-25	0	0	0	10.940393
2016-07-26	0	0	0	12.694491
2016-07-27	0	0	0	36.743674
2016-07-28	0	0	0	52.98281
2016-07-29	0	0	0	54.649618
2016-07-30	0	0	0	30.387409
2016-07-31	0	0	0	3.085143
2016-08-01	0	0	0	4.807688
2016-08-02	0	0	0	8.129987
2016-08-03	0	0	0	21.460011
2016-08-04	0	0	0	35.55445
2016-08-05	0	0	0	20.447324
2016-08-06	0	0	0	34.247628
2016-08-07	0	0	0	5.738575
2016-08-08	0	0	0	10.287641
2016-08-09	0	0	0	16.447621
2016-08-10	0	0	0	5.004387
2016-08-11	0	0	0	3.171463
2016-08-12	0	0	0	3.275082
2016-08-13	0	0	0	0
2016-08-14	0	0	0	0
2016-08-15	0	0	0	0.558805
2016-08-16	0	0	0	2.631757
2016-08-17	0	0	0	10.230773
2016-08-18	0	0	0	17.524812
2016-08-19	0	0	0	18.661284
2016-08-20	0	0	0	8.016815
2016-08-21	0	0	0	1.180078
2016-08-22	0	0	0	0
2016-08-23	0	0	0	0
2016-08-24	0	0	0	0.689847
2016-08-25	0	0	0	13.002073
2016-08-26	0	0	0	3.897756
2016-08-27	0	0	0	7.511891
2016-08-28	0	0	0	31.558244
2016-08-29	0	0	0	60.378024
2016-08-30	0	0	0	42.214217
2016-08-31	0	0	0	42.455569
2016-09-01	0	0	0	77.260107
2016-09-02	0	0	0	72.990713
2016-09-03	0	0	0	83.131997
2016-09-04	0	0	0	90.708073
2016-09-05	0	0	0	71.220409
2016-09-06	0	0	0	74.111097
2016-09-07	0	0	0	53.140144
2016-09-08	0	0	0	47.879665
2016-09-09	0	0	0	43.281329
2016-09-10	0	0	0	36.33927
2016-09-11	2.170955	2.170955	0	41.109357
2016-09-12	8.353606	8.353606	0	18.12975
2016-09-13	26.65613	26.65613	0	45.093589
2016-09-14	8.46511	8.46511	0	20.410503
2016-09-15	51.504101	51.504101	0	19.26489
2016-09-16	52.304834	52.304834	0	27.430873
2016-09-17	64.430831	64.430831	0	11.371069
2016-09-18	41.313191	41.313191	0	19.91401
2016-09-19	53.856541	53.856541	0	11.350327
2016-09-20	19.555384	19.555384	0	1.541664
2016-09-21	0.357976	0.357976	0	0.148453
2016-09-22	0	0	0	0.066559
2016-09-23	1.928996	1.928996	0	23.036463
2016-09-24	0	0	0	39.648267
2016-09-25	0.242073	0.242073	0	63.696886
2016-09-26	0.408406	0.408406	0	73.355771
2016-09-27	0	0	0	41.075875
2016-09-28	0	0	0	71.207344
2016-09-29	0	0	0	76.630513
2016-09-30	1.105551	1.105551	1.239103	47.712044
2016-10-01	0	0	0	68.87423
2016-10-02	0	0	0	56.885307
2016-10-03	0	0	0	55.938619
2016-10-04	0	0	0	95.563692
2016-10-05	0	0	0	99.587821
2016-10-06	0	0	0	99.725531
2016-10-07	0	0	0	82.221589
2016-10-08	0	0	0	81.055971
2016-10-09	2.808179	2.808179	0	97.749321
2016-10-10	0	0	0	66.040606
2016-10-11	0	0	0	93.283768
2016-10-12	0.124207	0.124207	0	75.199396
2016-10-13	0	0	0	91.35062
2016-10-14	0	0	0	98.278942
2016-10-15	0.85915	0.85915	0	65.834382
2016-10-16	16.291419	16.291419	0	90.503362
2016-10-17	4.782091	4.782091	0	99.369019
2016-10-18	0	0	0	100
2016-10-19	0	0	0	98.581832
2016-10-20	0	0	0	99.069856
2016-10-21	0	0	0	80.637466
2016-10-22	0	0	0	86.283138
2016-10-23	0	0	0	99.487102
2016-10-24	0	0	0	99.513169
2016-10-25	0	0	0	99.843329
2016-10-26	0.280728	0.280728	0	98.881229
2016-10-27	0	0	0	86.033003
2016-10-28	0	0	0	70.196
2016-10-29	0	0	0	56.234023
2016-10-30	0	0	0	13.882004
2016-10-31	0	0	0	12.3494
2016-11-01	0	0	0	25.371987
2016-11-02	0	0	0	45.852096
2016-11-03	0	0	0	54.146714
2016-11-04	0	0	0	31.710389
2016-11-05	0	0	0	30.175831
2016-11-06	9.880227	9.880227	0	79.390618
2016-11-07	2.560154	2.560154	0	88.059474
2016-11-08	0	0	0	54.499749
2016-11-09	0	0	0	76.0592
2016-11-10	0	0	0	63.434005
2016-11-11	0	0	0	50.139135
2016-11-12	0	0	0	29.574204
2016-11-13	0	0	0	22.071448
2016-11-14	0	0	0	65.484982
2016-11-15	0	0	0	38.319347
2016-11-16	0	0	0	11.245559
2016-11-17	0.088888	0.088888	0	18.656834
2016-11-18	0	0	0	47.232464
2016-11-19	0	0	0	58.751948
2016-11-20	0	0	0	98.630742
2016-11-21	0	0	0	99.19852
2016-11-22	0	0	0	95.753791
2016-11-23	0	0	0	85.227736
2016-11-24	0	0	0	72.264783
2016-11-25	0	0	0	47.002713
2016-11-26	0	0	0	41.46071
2016-11-27	0	0	0	61.973314
2016-11-28	0	0	0	54.045401
2016-11-29	0	0	0	70.225895
2016-11-30	0	0	0	48.342505
2016-12-01	0	0	0	70.722155
2016-12-02	0	0	0	84.896381
2016-12-03	0	0	0	89.031617
2016-12-04	0	0	0	58.679039
2016-12-05	0	0	0	43.180184
2016-12-06	0	0	0	28.681023
2016-12-07	0	0	0	39.749094
2016-12-08	0	0	0	20.620935
2016-12-09	0	0	0	36.908651
2016-12-10	0	0	0	70.092214
2016-12-11	0	0	0	70.522083
2016-12-12	0	0	0	53.763271
2016-12-13	0	0	0	52.142282
2016-12-14	0	0	0	53.30388
2016-12-15	0	0	0	52.70978
2016-12-16	0	0	0	53.310591
2016-12-17	0	0	0	99.522673
2016-12-18	0	0	0	96.086189
2016-12-19	0	0	0	99.38256
2016-12-20	0	0	0	98.591219
2016-12-21	0	0	0	95.22482
2016-12-22	0	0	0	64.391159
2016-12-23	0	0	0	40.502923
2016-12-24	0	0	0	11.702873
2016-12-25	0	0	0	9.78963
2016-12-26	0	0	0	27.941035
2016-12-27	0	0	0	10.152399
2016-12-28	0	0	0	19.66011
2016-12-29	0	0	0	0
2016-12-30	0	0	0	0
2016-12-31	0	0	0	0
2017-01-01	0	0	0	0
2017-01-02	0	0	0	0
2017-01-03	0	0	0	0
2017-01-04	0	0	0	0.372323
2017-01-05	0	0	0	9.340881
2017-01-06	0	0	0	21.166828
2017-01-07	0	0	0	2.643071
2017-01-08	0	0	0	0
2017-01-09	0	0	0	3.288723
2017-01-10	0	0	0	21.052535
2017-01-11	0	0	0	72.84132
2017-01-12	0	0	0	69.839836
2017-01-13	0	0	0	71.227728
2017-01-14	0	0	0	50.981897
2017-01-15	0	0	0	74.675715
2017-01-16	0	0	1.793754	89.600346
2017-01-17	0	0	0	76.568454
2017-01-18	0	0	0	89.607025
2017-01-19	0	0	0	90.668181
2017-01-20	0	0	0	90.344401
2017-01-21	0	0	0	91.353129
2017-01-22	0	0	0	98.710955
2017-01-23	0	0	0	99.424561
2017-01-24	0	0	0	94.424929
2017-01-25	0	0	0	79.513646
2017-01-26	0	0	0	80.493409
2017-01-27	0	0	0	94.90673
2017-01-28	0	0	0	98.132308
2017-01-29	0	0	0	96.780739
2017-01-30	0	0	0	99.162662
2017-01-31	0	0	0	99.022579
2017-02-01	0	0	0	98.490933
2017-02-02	0	0	0	72.391872
2017-02-03	0	0	0	84.382233
2017-02-04	0	0	0	97.881254
2017-02-05	0	0	0	90.137117
2017-02-06	0	0	0	90.983874
2017-02-07	0	0	0	79.389354
2017-02-08	0	0	0	90.637477
2017-02-09	0	0	0	84.59216
2017-02-10	0	0	0	93.276442
2017-02-11	0	0	0	70.746863
2017-02-12	0.309327	0.309327	0	73.192612
2017-02-13	0	0	0	68.305028
2017-02-14	0.001117	0.001117	0	91.763298
2017-02-15	1.651264	1.651264	0	91.776915
2017-02-16	0	0	0	91.471276
2017-02-17	0	0	0	94.193899
2017-02-18	6.20028	6.20028	0	96.577469
2017-02-19	0	0	0	83.982617
2017-02-20	0	0	0	93.563125
2017-02-21	0	0	0	96.791312
2017-02-22	0	0	0	98.04986
2017-02-23	0	0	0	95.813928
2017-02-24	0	0	0	83.136723
2017-02-25	0	0	0	98.112832
2017-02-26	0	0	0	90.518999
2017-02-27	0	0	0	97.362523
2017-02-28	0	0	0	89.523808
2017-03-01	0	0	0	82.798883
2017-03-02	0	0	0	86.547901
2017-03-03	0	0	0	99.739078
2017-03-04	0.96696	0.96696	0	99.991804
2017-03-05	0.964002	0.964002	0	95.66254
2017-03-06	1.985028	1.985028	0	97.616545
2017-03-07	7.643351	7.643351	0	94.029572
2017-03-08	0.243985	0.243985	0	75.674325
2017-03-09	0	0	0	96.628039
2017-03-10	0	0	0	96.484523
2017-03-11	0	0	0	98.250719
2017-03-12	0	0	0	96.747812
2017-03-13	0	0	0	92.110717
2017-03-14	0	0	0	95.739478
2017-03-15	0	0	0	71.040587
2017-03-16	0	0	0	91.261826
2017-03-17	0	0	0	89.764181
2017-03-18	0	0	0	78.446195
2017-03-19	0	0	0	82.40262
2017-03-20	0	0	0	64.675827
2017-03-21	0	0	0	86.991225
2017-03-22	0	0	0	90.040933
2017-03-23	0	0	0	90.863145
2017-03-24	0	0	0	99.10155
2017-03-25	0	0	0	99.90812
2017-03-26	0	0	0	98.006005
2017-03-27	0	0	0	95.823741
2017-03-28	0	0	0	95.11489
2017-03-29	0	0	0	95.176884
2017-03-30	0	0	0	96.510091
2017-03-31	0.04273	0.04273	0	90.374522
2017-04-01	2.263258	2.263258	0	89.71833
2017-04-02	2.645925	2.645925	0	99.885315
2017-04-03	2.132055	2.132055	0	98.896877
2017-04-04	4.227587	4.227587	0	97.619572
2017-04-05	16.467948	16.467948	0	91.108905
2017-04-06	16.85139	16.85139	0	83.324134
2017-04-07	19.499139	19.499139	0	83.185618
2017-04-08	14.531736	14.531736	0	98.184244
2017-04-09	13.339792	13.339792	0	95.078063
2017-04-10	0.920671	0.920671	0	95.449856
2017-04-11	0	0	0	98.0616
2017-04-12	0	0	0	99.894692
2017-04-13	0.942895	0.942895	0	99.286446
2017-04-14	0	0	0	90.520962
2017-04-15	0	0	0	98.364643
2017-04-16	0	0	0	99.645004
2017-04-17	0	0	0	95.406591
2017-04-18	0	0	0	84.273687
2017-04-19	0	0	0	85.994006
2017-04-20	0	0	0	89.401062
2017-04-21	0	0	0	77.672347
2017-04-22	0	0	0	89.065467
2017-04-23	0	0	0	81.696835
2017-04-24	0	0	0	71.547438
2017-04-25	0	0	0	87.590677
2017-04-26	0	0	0	95.21955
2017-04-27	0	0	0	96.405033
2017-04-28	9.461351	9.461351	0	91.771332
2017-04-29	5.073543	5.073543	0	67.160034
2017-04-30	0	0	0	83.156094
2017-05-01	7.838574	7.838574	0	85.562279
2017-05-02	10.360197	10.360197	0	84.729106
2017-05-03	25.403973	25.403973	0	91.775802
2017-05-04	43.760528	43.760528	0	77.966687
2017-05-05	14.551321	14.551321	0	57.25744
2017-05-06	17.116143	17.116143	0	60.916464
2017-05-07	2.408198	2.408198	0	77.963095
2017-05-08	1.6456	1.6456	0	85.266641
2017-05-09	2.872521	2.872521	0	90.179517
2017-05-10	0	0	0	95.044095
2017-05-11	0	0	0	96.48858
2017-05-12	0.273242	0.273242	0	97.122105
2017-05-13	0.3925	0.3925	0	96.721035
2017-05-14	0.337673	0.337673	0	93.032728
2017-05-15	0.402915	0.402915	0	73.690012
2017-05-16	2.685794	2.685794	0	87.383728
2017-05-17	11.946752	11.946752	0	83.379754
2017-05-18	20.522548	20.522548	0	73.826798
2017-05-19	44.324448	44.324448	0	90.230859
2017-05-20	15.850453	15.850453	0	92.836204
2017-05-21	16.141591	16.141591	0	88.598504
2017-05-22	8.782381	8.782381	0	48.976099
2017-05-23	39.339022	39.339022	0	38.611997
2017-05-24	58.985784	58.985784	0	35.369601
2017-05-25	42.641022	42.641022	0	37.050928
2017-05-26	43.403791	43.403791	0	70.634085
2017-05-27	49.441	49.441	0	88.296134
2017-05-28	50.640708	50.640708	0	76.73349
2017-05-29	58.496708	58.496708	0	84.71951
2017-05-30	34.635393	34.635393	0	76.959643
2017-05-31	0	0	0	39.339453
2017-06-01	0	0	0	44.363413
2017-06-02	0	0	0	63.448428
2017-06-03	0.649555	0.649555	0	69.625996
2017-06-04	0.599327	0.599327	0	46.426091
2017-06-05	0.105664	0.105664	0	56.26678
2017-06-06	0	0	0	65.874132
2017-06-07	0	0	0	93.366559
2017-06-08	0	0	0	89.929921
2017-06-09	0	0	0	97.413827
2017-06-10	0	0	0	99.795722
2017-06-11	1.805603	1.805603	0	99.790569
2017-06-12	1.013777	1.013777	0	99.928118
2017-06-13	3.030427	3.030427	0	91.136271
2017-06-14	8.847532	8.847532	0	92.532093
2017-06-15	12.099072	12.099072	0	89.391488
2017-06-16	29.027988	29.027988	0	83.703847
2017-06-17	24.601499	24.601499	0	79.404238
2017-06-18	47.483235	47.483235	0	66.840931
2017-06-19	36.919645	36.919645	0	56.30325
2017-06-20	42.376379	42.376379	0	53.968973
2017-06-21	37.738485	37.738485	0	52.450721
2017-06-22	56.442126	56.442126	0	61.418824
2017-06-23	51.43027	51.43027	0	67.981759
2017-06-24	49.05719	49.05719	0	64.323685
2017-06-25	39.419747	39.419747	0	74.601082
2017-06-26	54.320964	54.320964	0	60.880326
2017-06-27	50.060017	50.060017	0	51.925063
2017-06-28	32.696502	32.696502	0	54.728143
2017-06-29	27.823589	27.823589	0	31.323145
2017-06-30	11.564755	11.564755	0	36.548556
2017-07-01	0.104575	0.104575	0	21.076421
2017-07-02	0	0	0	30.741885
2017-07-03	0	0	0	44.863273
2017-07-04	0.150662	0.150662	0	65.781299
2017-07-05	2.574764	2.574764	0	70.718
2017-07-06	15.770987	15.770987	0	65.420069
2017-07-07	19.519922	19.519922	0	58.757437
2017-07-08	13.538723	13.538723	0	62.790482
2017-07-09	1.28957	1.28957	0	58.424663
2017-07-10	11.491245	11.491245	0	64.978375
2017-07-11	22.324404	22.324404	0	65.274522
2017-07-12	43.979615	43.979615	0	71.045388
2017-07-13	28.565137	28.565137	0	84.767663
2017-07-14	27.862085	27.862085	0.389732	66.39418
2017-07-15	7.268923	7.268923	0	84.4204
2017-07-16	40.461411	40.461411	0	82.207265
2017-07-17	21.830192	21.830192	0	88.840937
2017-07-18	20.161404	20.161404	0	74.99724
2017-07-19	3.719539	3.719539	0	59.719492
2017-07-20	9.947463	9.947463	0	78.111398
2017-07-21	57.014697	57.014697	0	53.556185
2017-07-22	50.96269	50.96269	0	12.106049
2017-07-23	10.110137	10.110137	1.462169	17.274863
2017-07-24	1.137922	1.137922	0	1.019318
2017-07-25	0	0	0	0.655925
2017-07-26	2.254197	2.254197	0	1.108238
2017-07-27	0	0	0	2.70065
2017-07-28	0	0	0.0845	2.412828
2017-07-29	0	0	0	1.91872
2017-07-30	0.131125	0.131125	0	4.132574
2017-07-31	0	0	0	1.387468
2017-08-01	0	0	0	0.705548
2017-08-02	0	0	0	0.03203
2017-08-03	0	0	0	0.38045
2017-08-04	0	0	0	0.087813
2017-08-05	0	0	0	0
2017-08-06	0	0	0	1.892428
2017-08-07	0	0	0	0
2017-08-08	0	0	0	0
2017-08-09	0	0	0	0
2017-08-10	0	0	0	0
2017-08-11	0	0	0	0
2017-08-12	0	0	0	0
2017-08-13	0	0	0	0
2017-08-14	0	0	0	0
2017-08-15	0	0	0	0
2017-08-16	0	0	0	0
2017-08-17	0	0	0	0
2017-08-18	0	0	0	0
2017-08-19	0	0	0	0
2017-08-20	0	0	0	0
2017-08-21	0	0	0	0
2017-08-22	0	0	0	0
2017-08-23	0	0	0	0
2017-08-24	0	0	0	0
2017-08-25	0	0	0	0
2017-08-26	0	0	0	0
2017-08-27	0	0	0	0
2017-08-28	0	0	0	0
2017-08-29	0	0	0	0
2017-08-30	0	0	0	0
2017-08-31	0	0	0	0
2017-09-01	0	0	0	0
2017-09-02	0	0	0	0
2017-09-03	0	0	0	0
2017-09-04	0	0	0	0
2017-09-05	0	0	0	0
2017-09-06	0	0	0	0
2017-09-07	0	0	0	0
2017-09-08	0	0	0	0
2017-09-09	0	0	0	0
2017-09-10	0	0	0	0
2017-09-11	0	0	0	0
2017-09-12	0	0	0	0
2017-09-13	0	0	0	0
2017-09-14	0	0	0	0
2017-09-15	0	0	0	0
2017-09-16	0	0	0	0
2017-09-17	0	0	0	0
2017-09-18	0	0	0	0
2017-09-19	0	0	0	0
2017-09-20	0	0	0	0
2017-09-21	0	0	0	0
2017-09-22	0	0	0	0
2017-09-23	0	0	0	0
2017-09-24	0	0	0	0
2017-09-25	0	0	0	0
2017-09-26	0	0	0	0
2017-09-27	0	0	0	0
2017-09-28	NA	NA	NA	NA
2017-09-29	0	0	0	0
2017-09-30	0	0	0	0
2017-10-01	0	0	0	0
2017-10-02	0	0	0	0
2017-10-03	0	0	0	0
2017-10-04	0	0	0	0
2017-10-05	0	0	0	0
2017-10-06	0	0	0	0
2017-10-07	0	0	0	0
2017-10-08	0	0	0	0
2017-10-09	0	0	0	0
2017-10-10	0	0	0	0
2017-10-11	0	0	0	0
2017-10-12	0	0	0	0
2017-10-13	0	0	0	0
2017-10-14	0	0	0	0
2017-10-15	0	0	0	0
2017-10-16	0	0	0	0
2017-10-17	0	0	0	0
2017-10-18	0	0	0	0.493771
2017-10-19	0	0	0	3.200509
2017-10-20	0	0	0	37.411432
2017-10-21	0	0	0	34.596731
2017-10-22	0	0	0	14.040879
2017-10-23	0	0	0	39.673838
2017-10-24	0	0	0	74.504359
2017-10-25	0	0	0	88.426701
2017-10-26	0	0	0	91.538369
2017-10-27	0	0	0	94.545638
2017-10-28	0	0	0	73.720753
2017-10-29	0	0	0	51.830561
2017-10-30	0	0	0	50.811249
2017-10-31	0	0	0	64.612894
2017-11-01	0	0	0	75.585927
2017-11-02	0	0	0	69.743383
2017-11-03	0	0	0	52.879715
2017-11-04	0	0	0	37.150218
2017-11-05	0	0	0	6.858229
2017-11-06	0	0	0	13.769233
2017-11-07	0	0	0	13.823563
2017-11-08	0	0	0	3.689335
2017-11-09	0	0	0	0
2017-11-10	0	0	0	1.59012
2017-11-11	0	0	0	2.369178
2017-11-12	0	0	0	0.107576
2017-11-13	0	0	0	1.627839
2017-11-14	0	0	0	42.172054
2017-11-15	0	0	0	38.892734
2017-11-16	0	0	0	17.885053
2017-11-17	0	0	0	8.262791
2017-11-18	0	0	0	1.396886
2017-11-19	0	0	0	0.238571
2017-11-20	0	0	0	0
2017-11-21	0	0	0	0
2017-11-22	0	0	0	0
2017-11-23	0	0	0	0
2017-11-24	0	0	0	1.779162
2017-11-25	0	0	0	2.367924
2017-11-26	0	0	0	15.484147
2017-11-27	0	0	0	1.376495
2017-11-28	0	0	0	1.374357
2017-11-29	0	0	0	0
2017-11-30	0	0	0	4.055923
2017-12-01	0	0	0	2.024517
2017-12-02	0	0	0	0
2017-12-03	0	0	0	40.802314
2017-12-04	0	0	0	19.187423
2017-12-05	0	0	0	0.812326
2017-12-06	0	0	0	0.593532
2017-12-07	0	0	0	0
2017-12-08	0	0	0	0
2017-12-09	0	0	0	0
2017-12-10	0	0	0	0
2017-12-11	0	0	0	2.010535
2017-12-12	0	0	0	5.73442
2017-12-13	0	0	0	20.187088
2017-12-14	0	0	0	15.225404
2017-12-15	0	0	0	22.391776
2017-12-16	0	0	0	38.872615
2017-12-17	0	0	0	63.99323
2017-12-18	0	0	0	56.908135
2017-12-19	0	0	0	45.010444
2017-12-20	0	0	0	87.988023
2017-12-21	0	0	0	42.954916
2017-12-22	0	0	0	0.680889
2017-12-23	0	0	0	0
2017-12-24	0	0	0	0
2017-12-25	0	0	0	0
2017-12-26	0	0	0	0
2017-12-27	0	0	0	0
2017-12-28	0	0	0	0
2017-12-29	0	0	0	0
2017-12-30	0	0	0	0
2017-12-31	0	0	0	0
2018-01-01	0	0	0	0
2018-01-02	0	0	0	0
2018-01-03	0	0	0	0
2018-01-04	0	0	0	0
2018-01-05	0	0	0	0
2018-01-06	0	0	0	0
2018-01-07	0	0	0	0
2018-01-08	0	0	0	0
2018-01-09	0	0	0	0
2018-01-10	0	0	0	0
2018-01-11	0	0	0	0
2018-01-12	0	0	0	1.074271
2018-01-13	0	0	0	0.697497
2018-01-14	0	0	0	0.273188
2018-01-15	0	0	0	0
2018-01-16	0	0	0	0
2018-01-17	0	0	0	0
2018-01-18	0	0	0	0
2018-01-19	0	0	0	0
2018-01-20	0	0	0	0
2018-01-21	0	0	0	0
2018-01-22	0	0	0	0.762718
2018-01-23	0	0	0	28.484005
2018-01-24	0	0	0	21.120713
2018-01-25	0	0	0	3.829533
2018-01-26	0	0	0	41.097966
2018-01-27	0	0	0	53.614986
2018-01-28	0	0	0	62.953235
2018-01-29	0	0	0	66.847891
2018-01-30	0	0	0	90.614308
2018-01-31	0	0	0	68.759198
2018-02-01	0	0	0	33.102424
2018-02-02	0	0	0	42.929748
2018-02-03	0	0	0	32.424365
2018-02-04	0	0	0	26.71975
2018-02-05	0	0	0	60.888477
2018-02-06	0	0	0	6.84355
2018-02-07	0	0	0	21.843457
2018-02-08	0	0	0	80.876429
2018-02-09	0	0	0	81.865104
2018-02-10	0	0	0	61.108399
2018-02-11	0	0	0	74.863893
2018-02-12	0	0	0	65.587902
2018-02-13	0	0	0	72.859843
2018-02-14	0	0	0	48.635136
2018-02-15	0	0	0	29.323196
2018-02-16	0	0	0	5.633402
2018-02-17	0	0	0	2.09031
2018-02-18	0	0	0	15.559233
2018-02-19	0	0	0	27.071955
2018-02-20	0	0	0	10.10709
2018-02-21	0	0	0	7.773255
2018-02-22	0	0	0	2.175413
2018-02-23	0	0	0	1.69503
2018-02-24	0	0	0	0
2018-02-25	0	0	0	0
2018-02-26	0	0	0	0
2018-02-27	0	0	0	0
2018-02-28	0	0	0	6.847649
2018-03-01	0	0	0	16.893437
2018-03-02	0	0	0	20.82027
2018-03-03	0	0	0	16.263225
2018-03-04	0	0	0	30.74592
2018-03-05	0	0	0	52.129955
2018-03-06	0	0	0	73.385979
2018-03-07	0	0	0	78.939393
2018-03-08	0	0	0	81.32837
2018-03-09	0	0	0	74.917099
2018-03-10	0	0	0	95.464902
2018-03-11	0	0	0	97.789578
2018-03-12	0	0	0	98.666796
2018-03-13	0	0	0	90.929884
2018-03-14	0	0	0	92.455621
2018-03-15	0	0	0	78.473761
2018-03-16	0	0	0	95.974359
2018-03-17	0	0	0	52.004869
2018-03-18	0	0	0	34.579442
2018-03-19	0	0	0	0.419997
2018-03-20	0	0	0	0.312985
2018-03-21	0	0	0	0
2018-03-22	0	0	0	0
2018-03-23	0	0	0	0
2018-03-24	0	0	0	0
2018-03-25	0	0	0	0
2018-03-26	0	0	0	0.054226
2018-03-27	0	0	0	3.08888
2018-03-28	0	0	0	0.154058
2018-03-29	0	0	0	9.679689
2018-03-30	0	0	0	17.090298
2018-03-31	0	0	0	32.199634
2018-04-01	0	0	0	60.941874
2018-04-02	0	0	0	33.639283
2018-04-03	0	0	0	23.591383
2018-04-04	0	0	0	31.710255
2018-04-05	0	0	0	11.403401
2018-04-06	0	0	0	16.226865
2018-04-07	0	0	0	20.054785
2018-04-08	0	0	0	17.613146
2018-04-09	0	0	0	7.399857
2018-04-10	0	0	0	22.607071
2018-04-11	0	0	0	34.807477
2018-04-12	0	0	0	86.704096
2018-04-13	0	0	0	66.891307
2018-04-14	0	0	0	87.75899
2018-04-15	0	0	0	97.654786
2018-04-16	0	0	0	97.899198
2018-04-17	0	0	0	78.069579
2018-04-18	0	0	0	81.020306
2018-04-19	0	0	0	73.978734
2018-04-20	0	0	0	77.586668
2018-04-21	0	0	0	66.098246
2018-04-22	0	0	0	82.342257
2018-04-23	0	0	0	92.433902
2018-04-24	0	0	0	85.283387
2018-04-25	0	0	0	59.66893
2018-04-26	0	0	0	29.428017
2018-04-27	0	0	0	32.680775
2018-04-28	0	0	0	44.500686
2018-04-29	0	0	0	54.162202
2018-04-30	0	0	0	33.447521
2018-05-01	0	0	0	36.735324
2018-05-02	0	0	0	31.193067
2018-05-03	0	0	0	34.743748
2018-05-04	0	0	0	4.340584
2018-05-05	0	0	0	0
2018-05-06	0	0	0	0
2018-05-07	0	0	0	0
2018-05-08	0	0	0	0
2018-05-09	0	0	0	0.210286
2018-05-10	0	0	0	5.570178
2018-05-11	0	0	0	19.894947
2018-05-12	0	0	0	0
2018-05-13	0	0	0	14.077266
2018-05-14	0	0	0	18.219532
2018-05-15	0	0	0	15.567597
2018-05-16	0	0	0	3.277352
2018-05-17	0	0	0	3.726152
2018-05-18	0	0	0	0
2018-05-19	0	0	0	0
2018-05-20	0	0	0	0
2018-05-21	0	0	0	0
2018-05-22	0	0	0	0
2018-05-23	0	0	0	0
2018-05-24	0	0	0	0
2018-05-25	0	0	0	0
2018-05-26	0	0	0	0
2018-05-27	0	0	0	0
2018-05-28	0	0	0	0.419207
2018-05-29	0	0	0	0
2018-05-30	0	0	0	0.302771
2018-05-31	0	0	0	0
2018-06-01	0	0	0	0
2018-06-02	0	0	0	0.306023
2018-06-03	0	0	0	0
2018-06-04	0	0	0	0
2018-06-05	0	0	0	0.52579
2018-06-06	0	0	0	0.209286
2018-06-07	0	0	0	1.213876
2018-06-08	0	0	0	0.871564
2018-06-09	0	0	0	11.345578
2018-06-10	0	0	0	0.264244
2018-06-11	0	0	0	0
2018-06-12	0	0	0	2.698873
2018-06-13	0	0	0	2.924591
2018-06-14	0	0	0	7.96351
2018-06-15	0	0	0	3.863515
2018-06-16	0	0	0	0
2018-06-17	0	0	0	0
2018-06-18	0	0	0	2.318169
2018-06-19	0	0	0	0.34262
2018-06-20	0	0	0	15.297239
2018-06-21	0	0	0	35.14952
2018-06-22	0	0	0	62.038802
2018-06-23	0	0	0	66.97065
2018-06-24	0	0	0	37.434077
2018-06-25	0	0	0	21.888629
2018-06-26	0	0	0	18.72712
2018-06-27	0	0	0	13.851664
2018-06-28	0	0	0	18.618614
2018-06-29	0	0	0	3.357697
2018-06-30	0	0	0	1.025756
2018-07-01	0	0	0	8.206886
2018-07-02	0	0	0	4.266896
2018-07-03	0	0	0	10.162737
2018-07-04	0	0	0	8.386281
2018-07-05	0	0	0	16.352553
2018-07-06	0	0	0	28.257878
2018-07-07	0	0	0	40.214627
2018-07-08	0	0	0	30.885749
2018-07-09	0	0	0	52.615172
2018-07-10	0	0	0	65.22502
2018-07-11	0	0	0	49.721404
2018-07-12	0	0	0	62.245609
2018-07-13	0	0	0	43.76123
2018-07-14	0	0	0	34.49323
2018-07-15	0	0	0	24.435611
2018-07-16	0	0	0	6.888273
2018-07-17	0	0	0	18.543392
2018-07-18	0	0	0	33.620098
2018-07-19	0	0	0	3.821419
2018-07-20	0	0	0	0
2018-07-21	0	0	0	1.678595
2018-07-22	0	0	0	2.814713
2018-07-23	0	0	0	0
2018-07-24	0	0	0	0
2018-07-25	0	0	0	0
2018-07-26	0	0	0	0
2018-07-27	0	0	0	0
2018-07-28	0	0	0	0
2018-07-29	0	0	0	0
2018-07-30	0	0	0	0.969535
2018-07-31	0	0	0	1.214189
2018-08-01	0	0	0	2.497715
2018-08-02	0	0	0	0
2018-08-03	0	0	0	0
2018-08-04	0	0	0	1.197247
2018-08-05	0	0	0	7.277498
2018-08-06	0	0	0	38.443581
2018-08-07	0	0	0	31.977489
2018-08-08	0	0	0	40.662395
2018-08-09	0	0	0	29.175244
2018-08-10	0	0	0	18.350982
2018-08-11	0	0	0	13.39419
2018-08-12	0	0	0	33.880184
2018-08-13	0	0	0	31.909799
2018-08-14	0	0	0	37.452187
2018-08-15	0	0	0	29.581639
2018-08-16	0	0	0	4.154531
2018-08-17	0	0	0	0
2018-08-18	0	0	0	0
2018-08-19	0	0	0	10.397988
2018-08-20	0	0	0	23.333488
2018-08-21	0	0	0	21.015394
2018-08-22	0	0	0	13.889486
2018-08-23	0	0	0	5.836295
2018-08-24	0	0	0	32.354287
2018-08-25	0	0	0	21.416585
2018-08-26	0	0	0	22.184187
2018-08-27	0	0	0	1.643614
2018-08-28	0	0	0	0.117093
2018-08-29	0	0	0	0
2018-08-30	0	0	0	0
2018-08-31	0	0	0	0.401311
2018-09-01	0	0	0	0
2018-09-02	0	0	0	0
2018-09-03	0	0	0	0
2018-09-04	0	0	0	0
2018-09-05	0	0	0	0
2018-09-06	0	0	0	0
2018-09-07	0	0	0	0
2018-09-08	0	0	0	0
2018-09-09	0	0	0	1.466395
2018-09-10	0	0	0	0.368656
2018-09-11	0	0	0	0
2018-09-12	0	0	0	2.436974
2018-09-13	0	0	0	7.891935
2018-09-14	0	0	0	21.371854
2018-09-15	0	0	0	5.449856
2018-09-16	0	0	0	12.260851
2018-09-17	0	0	0	13.894996
2018-09-18	0	0	0	28.658173
2018-09-19	0	0	0	45.648953
2018-09-20	0	0	0	66.373559
2018-09-21	0	0	0	72.553191
2018-09-22	0	0	0	43.109383
2018-09-23	0	0	0	13.45756
2018-09-24	0	0	0	32.56252
2018-09-25	0	0	0	70.987366
2018-09-26	0	0	0	94.974155
2018-09-27	0	0	0	96.690396
2018-09-28	0	0	0	95.770277
2018-09-29	0	0	0	98.021044
2018-09-30	0	0	0	99.233867
2018-10-01	0	0	0	99.656904
2018-10-02	0	0	0	99.704396
2018-10-03	0	0	0	100
2018-10-04	0	0	0	99.753989
2018-10-05	0	0	0	99.567383
2018-10-06	0	0	0	96.963403
2018-10-07	0	0	0	96.677952
2018-10-08	0	0	0	99.29533
2018-10-09	0	0	0	99.394683
2018-10-10	0	0	0	99.948573
2018-10-11	0	0	0	99.9938
2018-10-12	0	0	0	99.904042
2018-10-13	0	0	0	100
2018-10-14	0	0	0	99.882364
2018-10-15	0	0	0	99.999194
2018-10-16	0	0	0	99.99058
2018-10-17	0	0	0	100
2018-10-18	0	0	0	99.969524
2018-10-19	0	0	0	99.691061
2018-10-20	0	0	0	100
2018-10-21	0	0	0	93.5551
2018-10-22	0	0	0	99.679007
2018-10-23	0	0	0	99.034128
2018-10-24	0	0	0	99.595384
2018-10-25	0	0	0	99.977718
2018-10-26	0	0	0	99.831675
2018-10-27	0	0	0	99.771041
2018-10-28	0	0	0	99.810016
2018-10-29	0	0	0	98.276755
2018-10-30	0	0	0	98.687246
2018-10-31	0	0	0	99.767449
2018-11-01	0	0	0	97.864266
2018-11-02	0	0	0	97.115479
2018-11-03	0	0	0	95.668416
2018-11-04	0	0	0	97.454143
2018-11-05	0	0	0	99.660974
2018-11-06	0	0	0	99.596134
2018-11-07	0	0	0	99.973673
2018-11-08	0	0	0	99.733752
2018-11-09	0	0	0	99.693822
2018-11-10	0	0	0	98.640805
2018-11-11	0	0	0	95.684501
2018-11-12	0	0	0	99.820205
2018-11-13	0	0	0	100
2018-11-14	0	0	0	99.865863
2018-11-15	0	0	0	99.615624
2018-11-16	0	0	0	99.791775
2018-11-17	0	0	0	98.54605
2018-11-18	0	0	0	99.820953
2018-11-19	0	0	0	95.582302
2018-11-20	0	0	0	98.349423
2018-11-21	0	0	0	99.504416
2018-11-22	0	0	0	99.076706
2018-11-23	0	0	0	96.82235
2018-11-24	0	0	0	97.987537
2018-11-25	0	0	0	99.357184
2018-11-26	0	0	0	99.771456
2018-11-27	0	0	0	93.104959
2018-11-28	0	0	0	99.303235
2018-11-29	0	0	0	98.505775
2018-11-30	0	0	0	96.008075
2018-12-01	0	0	0	98.621349
2018-12-02	0	0	0	99.64417
2018-12-03	0	0	0	89.659756
2018-12-04	0	0	0	70.691363
2018-12-05	0	0	0	73.320191
2018-12-06	0	0	0	86.028514
2018-12-07	0	0	0	87.808666
2018-12-08	0	0	0	99.889246
2018-12-09	0	0	0	99.784673
2018-12-10	0	0	0	98.096482
2018-12-11	0	0	0	97.729626
2018-12-12	0	0	0	96.523906
2018-12-13	0	0	0	97.37082
2018-12-14	0	0	0	92.383735
2018-12-15	0	0	0	93.292856
2018-12-16	0	0	0	94.030739
2018-12-17	0	0	0	97.91009
2018-12-18	0	0	0	99.49461
2018-12-19	0	0	0	98.279212
2018-12-20	0	0	0	100
2018-12-21	0	0	0	99.951584
2018-12-22	0	0	0	98.021892
2018-12-23	0	0	0	99.314797
2018-12-24	0	0	0	98.977353
2018-12-25	0	0	0	98.299604
2018-12-26	0	0	0	99.565829
2018-12-27	0	0	0	99.698803
2018-12-28	0	0	0	99.353786
2018-12-29	0	0	0	97.726401
2018-12-30	0	0	0	99.802836
2018-12-31	0	0	0	100
2019-01-01	0	0	0	99.906707
2019-01-02	0	0	0	99.611318
2019-01-03	0	0	0	96.286465
2019-01-04	0	0	0	95.700942
2019-01-05	0	0	0	97.563201
2019-01-06	0	0	0	91.761543
2019-01-07	0	0	0	90.797716
2019-01-08	0	0	0	98.38657
2019-01-09	0	0	0	96.120576
2019-01-10	0.243245	0.243245	0	98.074973
2019-01-11	0	0	0	94.087753
2019-01-12	0	0	0	93.554727
2019-01-13	0	0	0	97.168289
2019-01-14	0	0	0	94.151892
2019-01-15	0	0	0	96.01961
2019-01-16	0	0	0	97.359037
2019-01-17	0	0	0	88.800794
2019-01-18	0	0	0	91.852228
2019-01-19	0	0	0	94.671613
2019-01-20	0	0	0	99.876849
2019-01-21	0	0	0	98.764387
2019-01-22	0	0	0	95.691077
2019-01-23	0	0	0	98.079537
2019-01-24	0	0	0	99.462451
2019-01-25	0	0	0	98.441551
2019-01-26	0	0	0	98.649955
2019-01-27	0	0	0	98.735066
2019-01-28	0	0	0	99.816434
2019-01-29	0	0	0	98.891751
2019-01-30	0	0	0	96.926734
2019-01-31	0	0	0	97.157892
2019-02-01	0	0	0	99.802885
2019-02-02	0	0	0	99.982771
2019-02-03	0	0	0	99.834381
2019-02-04	0	0	0	99.901864
2019-02-05	0	0	0	97.532818
2019-02-06	0	0	0	96.523789
2019-02-07	0	0	0	98.349755
2019-02-08	0	0	0	93.974967
2019-02-09	0	0	0	89.421459
2019-02-10	0	0	0	93.360976
2019-02-11	0	0	0	95.775941
2019-02-12	0	0	0	99.244094
2019-02-13	0	0	0	99.688976
2019-02-14	0	0	0	98.565307
2019-02-15	0	0	0	99.468003
2019-02-16	0	0	0	95.652757
2019-02-17	0	0	0	95.333092
2019-02-18	0	0	0	96.264227
2019-02-19	0	0	0	99.791181
2019-02-20	0	0	0	99.954587
2019-02-21	2.064372	2.064372	0	100
2019-02-22	0.003104	0.003104	0	100
2019-02-23	0	0	0	99.328024
2019-02-24	0	0	0	92.911474
2019-02-25	0	0	0	97.881827
2019-02-26	0	0	0	98.308987
2019-02-27	0	0	0	98.430884
2019-02-28	0	0	0	93.943041
2019-03-01	0	0	0	92.829695
2019-03-02	0	0	0	96.857928
2019-03-03	0	0	0	90.085926
2019-03-04	0	0	0	97.334908
2019-03-05	0	0	0	92.478685
2019-03-06	0	0	0	95.3772
2019-03-07	0	0	0	96.087509
2019-03-08	0	0	0	97.011593
2019-03-09	0	0	0	90.297927
2019-03-10	0	0	0	92.503426
2019-03-11	0	0	0	80.343628
2019-03-12	0	0	0	88.914683
2019-03-13	0	0	0	97.08097
2019-03-14	0	0	0	97.835916
2019-03-15	0	0	0	91.66724
2019-03-16	0	0	0	85.18001
2019-03-17	0	0	0	91.19724
2019-03-18	0	0	0	93.661596
2019-03-19	0	0	0	93.087438
2019-03-20	0	0	0	97.508728
2019-03-21	0	0	0	95.905813
2019-03-22	0	0	0	97.405651
2019-03-23	0	0	0	90.820384
2019-03-24	0	0	0	96.072639
2019-03-25	0	0	0	91.286932
2019-03-26	0	0	0	96.532162
2019-03-27	0	0	0	92.942299
2019-03-28	0	0	0	97.596768
2019-03-29	0	0	0	93.604527
2019-03-30	0	0	0	93.50911
2019-03-31	0	0	0	97.921212
2019-04-01	0	0	0	97.662364
2019-04-02	0	0	0	88.604195
2019-04-03	0	0	0	91.342837
2019-04-04	0	0	0	99.205509
2019-04-05	0	0	0	88.73512
2019-04-06	0	0	0	95.901637
2019-04-07	0	0	0	96.184965
2019-04-08	0	0	0	99.479125
2019-04-09	0.205119	0.205119	0	97.724799
2019-04-10	1.311868	1.311868	0	98.578476
2019-04-11	0	0	0	99.747517
2019-04-12	0	0	0	99.479287
2019-04-13	0	0	0	99.934066
2019-04-14	0.347467	0.347467	0	99.559784
2019-04-15	12.660023	12.660023	0	99.914678
2019-04-16	20.361841	20.361841	0	98.304831
2019-04-17	16.290556	16.290556	0	92.572521
2019-04-18	46.67578	46.67578	0	98.930468
2019-04-19	22.862676	22.862676	0	87.019171
2019-04-20	23.144183	23.144183	0	91.99025
2019-04-21	0	0	0	56.735929
2019-04-22	0	0	0	77.009806
2019-04-23	0	0	0	93.172587
2019-04-24	0	0	0	94.839871
2019-04-25	0	0	0	98.699976
2019-04-26	0	0	0	99.928371
2019-04-27	0	0	0	100
2019-04-28	0	0	0	97.596159
2019-04-29	0	0	0	97.433308
2019-04-30	0	0	0	82.960251
2019-05-01	0	0	0	90.52634
2019-05-02	0	0	0	83.502109
2019-05-03	0	0	0	88.494141
2019-05-04	0	0	0	96.771329
2019-05-05	0	0	0	96.445229
2019-05-06	0	0	0	99.420784
2019-05-07	0	0	0	96.771177
2019-05-08	0	0	0	94.701031
2019-05-09	0	0	0	81.523973
2019-05-10	0	0	0	92.532957
2019-05-11	0	0	0	89.768026
2019-05-12	0	0	0	93.964473
2019-05-13	0	0	0	95.488419
2019-05-14	0	0	0	82.625267
2019-05-15	0.386821	0.386821	0	85.947474
2019-05-16	4.879419	4.879419	0	94.985839
2019-05-17	1.775271	1.775271	0	96.722469
2019-05-18	0	0	0	93.657797
2019-05-19	0.587458	0.587458	0	98.816912
2019-05-20	0	0	0	88.495759
2019-05-21	0	0	0	68.008875
2019-05-22	0	0	0	71.480564
2019-05-23	0	0	0	59.279919
2019-05-24	1.300359	1.300359	0	67.228659
2019-05-25	1.302162	1.302162	0	79.114399
2019-05-26	0	0	0	89.949525
2019-05-27	0	0	0	77.035486
2019-05-28	0	0	0	61.9041
2019-05-29	0	0	0	83.647797
2019-05-30	0	0	0	87.510776
2019-05-31	0	0	0	60.170194
2019-06-01	0	0	0	31.975696
2019-06-02	0	0	0	61.683379
2019-06-03	0	0	0	54.240629
2019-06-04	0	0	0	68.888508
2019-06-05	0	0	0	72.990912
2019-06-06	1.337787	1.337787	0	84.845956
2019-06-07	0.689422	0.689422	0	90.535293
2019-06-08	11.670683	11.670683	0	92.095281
2019-06-09	3.933591	3.933591	0	87.503761
2019-06-10	6.905429	6.905429	0	88.238231
2019-06-11	15.385136	15.385136	0	97.572227
2019-06-12	15.561278	15.561278	0	97.19557
2019-06-13	61.399246	61.399246	0	85.681061
2019-06-14	28.346376	28.346376	0	51.02281
2019-06-15	34.322551	34.322551	0	88.971314
2019-06-16	36.169238	36.169238	0.507814	91.815545
2019-06-17	13.2149	13.2149	0.766279	97.15426
2019-06-18	26.723522	26.723522	0.082721	98.541077
2019-06-19	37.413211	37.413211	4.220896	91.878615
2019-06-20	33.1234	33.1234	3.969412	90.189179
2019-06-21	76.171112	76.171112	7.397669	98.335922
2019-06-22	67.433454	67.433454	2.478826	97.873765
2019-06-23	71.912314	71.912314	0.974423	97.970811
2019-06-24	86.559485	86.559485	0	91.112102
2019-06-25	75.593897	75.593897	0	78.197879
2019-06-26	82.019843	82.019843	0	91.776014
2019-06-27	92.551177	92.551177	0	95.395357
2019-06-28	51.812814	51.812814	0	81.987681
2019-06-29	23.110643	23.110643	0	78.995647
2019-06-30	0	0	0	81.243569
2019-07-01	0	0	0	96.117176
2019-07-02	0	0	0	99.350166
2019-07-03	0	0	0	91.293003
2019-07-04	0	0	0	95.170801
2019-07-05	0	0	0	91.805278
2019-07-06	0	0	0	100
2019-07-07	0	0	0	99.991106
2019-07-08	0	0	0	93.176239
2019-07-09	0	0	0	88.69819
2019-07-10	0	0	0	81.9265
2019-07-11	0	0	0	90.06674
2019-07-12	0	0	0	87.783087
2019-07-13	0	0	0	83.068747
2019-07-14	0	0	0	78.867862
2019-07-15	0	0	0	83.330401
2019-07-16	0	0	0	97.229048
2019-07-17	0	0	0	89.990503
2019-07-18	0	0	0	74.684422
2019-07-19	0	0	0	62.557566
2019-07-20	0	0	0	64.769029
2019-07-21	0	0	0	64.531126
2019-07-22	0	0	0	60.39477
2019-07-23	0	0	0	81.342881
2019-07-24	0	0	0	56.153175
2019-07-25	0	0	0	57.670083
2019-07-26	0	0	0	84.346785
2019-07-27	0	0	0	69.74326
2019-07-28	0	0	0	79.903241
2019-07-29	0	0	0	97.97477
2019-07-30	0	0	0	61.410746
2019-07-31	0	0	0	56.7246
2019-08-01	0	0	0	74.59618
2019-08-02	0	0	0	65.145109
2019-08-03	0	0	0	65.889131
2019-08-04	0	0	0	88.472533
2019-08-05	0	0	0	61.167438
2019-08-06	0	0	0	64.90708
2019-08-07	0	0	0	77.368086
2019-08-08	0	0	0	60.727533
2019-08-09	0	0	0	61.053673
2019-08-10	0	0	0	64.82327
2019-08-11	0	0	0	76.831413
2019-08-12	0	0	0	81.424843
2019-08-13	0	0	0	66.197046
2019-08-14	0	0	0	82.090471
2019-08-15	0	0	0	73.650425
2019-08-16	0	0	0	71.776207
2019-08-17	0	0	0	87.085537
2019-08-18	0	0	0	66.59108
2019-08-19	0	0	0	82.024624
2019-08-20	0	0	0	67.398027
2019-08-21	0	0	0	47.235948
2019-08-22	0	0	0	39.617561
2019-08-23	0	0	0	17.938442
2019-08-24	0	0	0	13.459039
2019-08-25	0	0	0	24.934721
2019-08-26	0	0	0	37.32153
2019-08-27	0	0	0	16.66523
2019-08-28	0	0	0	21.880542
2019-08-29	0	0	0	2.287874
2019-08-30	0	0	0	16.864117
2019-08-31	0	0	0	0
2019-09-01	0	0	0	13.799656
2019-09-02	0	0	0	6.95464
2019-09-03	0	0	0	46.273517
2019-09-04	0	0	0	80.961338
2019-09-05	0	0	0	94.834796
2019-09-06	0	0	0	90.696902
2019-09-07	0	0	0	66.243044
2019-09-08	0	0	0	24.413763
2019-09-09	0	0	0	22.326407
2019-09-10	0	0	0	89.141038
2019-09-11	0	0	0	81.818818
2019-09-12	0	0	0	77.976206
2019-09-13	0	0	0	97.081852
2019-09-14	0	0	0	87.138662
2019-09-15	0	0	0	77.728109
2019-09-16	0	0	0	40.40644
2019-09-17	0	0	0	26.450983
2019-09-18	0	0	0	59.102228
2019-09-19	0	0	0	61.005877
2019-09-20	0	0	0	85.716565
2019-09-21	0	0	0	86.981348
2019-09-22	0	0	0	98.356228
2019-09-23	0	0	0	97.617634
2019-09-24	0	0	0	88.506525
2019-09-25	0	0	0	90.113018
2019-09-26	0	0	0	95.165235
2019-09-27	0	0	0	85.780021
2019-09-28	0	0	0	92.018802
2019-09-29	0	0	0	90.579793
2019-09-30	0	0	0	92.363844
2019-10-01	0	0	0	96.587302
2019-10-02	0	0	0	95.250957
2019-10-03	0	0	0	95.457422
2019-10-04	0	0	0	92.890179
2019-10-05	0	0	0	90.285814
2019-10-06	0	0	0	95.381919
2019-10-07	0	0	0	99.590367
2019-10-08	0	0	0	94.874591
2019-10-09	0	0	0	93.039182
2019-10-10	0	0	0	99.901685
2019-10-11	0	0	0	92.518821
2019-10-12	0	0	0	97.020348
2019-10-13	0	0	0	98.033719
2019-10-14	0	0	0	98.804195
2019-10-15	0	0	0	98.647916
2019-10-16	0	0	0	98.592516
2019-10-17	0	0	0	99.062431
2019-10-18	0	0	0	98.452231
2019-10-19	0	0	0	98.618943
2019-10-20	0	0	0	99.118966
2019-10-21	0.221442	0.221442	0	99.950245
2019-10-22	0	0	0	99.996441
2019-10-23	0	0	0	99.963706
2019-10-24	0	0	0	99.979963
2019-10-25	0	0	0	99.935386
2019-10-26	0.64103	0.64103	0	99.995185
2019-10-27	0.02576	0.02576	0	99.970188
2019-10-28	0	0	0	100
2019-10-29	0	0	0	100
2019-10-30	0	0	0	99.953861
2019-10-31	0	0	0	99.930704
2019-11-01	0	0	0	98.918633
2019-11-02	0	0	0	97.318667
2019-11-03	0	0	0	95.380091
2019-11-04	0	0	0	98.093101
2019-11-05	0	0	0	98.564236
2019-11-06	0	0	0	97.368198
2019-11-07	0	0	0	98.652472
2019-11-08	0	0	0	99.533789
2019-11-09	0	0	0	100
2019-11-10	0	0	0	99.931975
2019-11-11	0	0	0	99.775179
2019-11-12	0	0	0	99.962126
2019-11-13	0	0	0	99.821115
2019-11-14	0	0	0	99.756897
2019-11-15	0	0	0	99.658361
2019-11-16	0	0	0	97.151139
2019-11-17	0	0	0	90.435858
2019-11-18	0	0	0	76.632233
2019-11-19	0	0	0	68.637404
2019-11-20	0	0	0	74.864602
2019-11-21	0	0	0	76.304515
2019-11-22	0	0	0	95.758705
2019-11-23	1.625611	1.625611	0	86.611439
2019-11-24	1.509442	1.509442	0	99.711159
2019-11-25	25.63321	25.63321	0	100
2019-11-26	9.05641	9.05641	0	100
2019-11-27	2.036992	2.036992	0	98.718456
2019-11-28	0	0	0	99.82123
2019-11-29	0	0	0	99.516971
2019-11-30	0	0	0	99.855608
2019-12-01	0	0	0	99.769995
2019-12-02	0	0	0	99.893388
2019-12-03	0	0	0	99.050187
2019-12-04	0	0	0	97.458664
2019-12-05	0	0	0	98.210769
2019-12-06	0	0	0	98.32555
2019-12-07	0	0	0	95.094468
2019-12-08	0	0	0	95.455408
2019-12-09	0	0	0	97.972022
2019-12-10	0	0	0	98.137835
2019-12-11	0	0	0	99.624143
2019-12-12	0	0	0	98.340979
2019-12-13	0	0	0	99.607321
2019-12-14	0	0	0	98.141052
2019-12-15	0	0	0	94.723597
2019-12-16	0	0	0	99.08021
2019-12-17	0	0	0	99.022807
2019-12-18	0	0	0	99.721131
2019-12-19	0	0	0	99.739829
2019-12-20	0	0	0	99.970636
2019-12-21	0	0	0	99.961426
2019-12-22	0	0	0	99.83254
2019-12-23	0	0	0	98.14344
2019-12-24	0	0	0	99.072249
2019-12-25	0	0	0	98.636504
2019-12-26	0	0	0	99.473973
2019-12-27	0	0	0	98.579719
2019-12-28	0	0	0	98.483794
2019-12-29	0	0	0	99.491577
2019-12-30	0	0	0	99.910557
2019-12-31	0	0	0	99.738363
2020-01-01	0	0	0	98.824342
2020-01-02	0	0	0	98.134452
2020-01-03	0	0	0	97.810094
2020-01-04	0	0	0	97.681142
2020-01-05	0	0	0	98.013381
2020-01-06	0	0	0	99.659523
2020-01-07	0	0	0	99.8536
2020-01-08	0	0	0	100
2020-01-09	0	0	0	98.944002
2020-01-10	0	0	0	99.237219
2020-01-11	0	0	0	99.709614
2020-01-12	0	0	0	99.848329
2020-01-13	0	0	0	98.877566
2020-01-14	0	0	0	98.668321
2020-01-15	0	0	0	98.942909
2020-01-16	0	0	0	99.90142
2020-01-17	0	0	0	98.444182
2020-01-18	0	0	0	99.066475
2020-01-19	0	0	0	97.86921
2020-01-20	0	0	0	98.319574
2020-01-21	0	0	0	95.761331
2020-01-22	0	0	0	95.618345
2020-01-23	0	0	0	98.810656
2020-01-24	0	0	0	93.945391
2020-01-25	0	0	0	99.932797
2020-01-26	0	0	0	99.236627
2020-01-27	0	0	0	98.028362
2020-01-28	0	0	0	88.308077
2020-01-29	0	0	0	81.371221
2020-01-30	0	0	0	94.342549
2020-01-31	0	0	0	85.676614
2020-02-01	0	0	0	94.068583
2020-02-02	0	0	0	96.089355
2020-02-03	0	0	0	98.367335
2020-02-04	0	0	0	98.048765
2020-02-05	0	0	0	97.47273
2020-02-06	0	0	0	99.061902
2020-02-07	0	0	0	99.575386
2020-02-08	0	0	0	97.88202
2020-02-09	0	0	0	99.792885
2020-02-10	0	0	0	93.05594
2020-02-11	0	0	0	94.051988
2020-02-12	0	0	0	92.656026
2020-02-13	0	0	0	95.653131
2020-02-14	0	0	0	99.397443
2020-02-15	0	0	0	99.932674
2020-02-16	0	0	0	99.929803
2020-02-17	0	0	0	96.008337
2020-02-18	0	0	0	95.218348
2020-02-19	0	0	0	98.630657
2020-02-20	0	0	0	99.450287
2020-02-21	0	0	0	99.795258
2020-02-22	0	0	0	100
2020-02-23	0	0	0	99.772903
2020-02-24	0	0	0	99.504364
2020-02-25	0.246478	0.246478	0	99.645169
2020-02-26	2.276436	2.276436	0	99.045307
2020-02-27	1.444689	1.444689	0	98.017239
2020-02-28	1.985524	1.985524	0	98.581671
2020-02-29	4.409198	4.409198	0	99.894976
2020-03-01	7.927224	7.927224	0	100
2020-03-02	10.599564	10.599564	0	99.991405
2020-03-03	40.762814	40.762814	0	100
2020-03-04	23.177568	23.177568	0	99.997282
2020-03-05	22.662947	22.662947	0	99.470155
2020-03-06	0	0	0	99.673216
2020-03-07	0	0	0	99.927251
2020-03-08	0	0	0	99.592731
2020-03-09	0.012163	0.012163	1.105418	99.036576
2020-03-10	5.419069	5.419069	0	99.201641
2020-03-11	7.344095	7.344095	0.810539	99.364774
2020-03-12	30.825671	30.825671	13.923708	99.673501
2020-03-13	14.610076	14.610076	15.397092	96.67301
2020-03-14	16.578908	16.578908	14.755192	99.982118
2020-03-15	22.766623	22.766623	15.094978	99.2792
2020-03-16	40.967504	40.967504	10.654525	95.824833
2020-03-17	30.682855	30.682855	6.810824	98.80797
2020-03-18	33.886525	33.886525	20.346241	99.720859
2020-03-19	53.93546	53.93546	18.814513	100
2020-03-20	32.044138	32.044138	37.345394	100
2020-03-21	53.639478	53.639478	56.273909	99.978955
2020-03-22	63.822239	63.822239	45.498437	99.721279
2020-03-23	64.37373	64.37373	9.112513	99.788228
2020-03-24	56.561655	56.561655	42.921851	99.562056
2020-03-25	91.938711	91.938711	42.001821	98.860651
2020-03-26	72.533374	72.533374	19.462105	99.673366
2020-03-27	78.988221	78.988221	15.151289	98.047945
2020-03-28	82.28431	82.28431	10.565507	98.919299
2020-03-29	76.744235	76.744235	20.021126	99.386273
2020-03-30	89.086882	89.086882	17.398287	99.953516
2020-03-31	93.10962	93.10962	19.168781	98.698684
2020-04-01	96.001095	96.001095	14.330825	99.125865
2020-04-02	76.505195	76.505195	26.963448	97.494904
2020-04-03	61.87107	61.87107	24.891986	93.303044
2020-04-04	71.500957	71.500957	8.748672	94.067943
2020-04-05	52.410842	52.410842	0	93.426415
2020-04-06	55.023059	55.023059	2.300869	98.536587
2020-04-07	42.540382	42.540382	1.129577	99.71935
2020-04-08	55.99699	55.99699	0.156676	99.792929
2020-04-09	85.072834	85.072834	0.869825	99.775659
2020-04-10	81.389578	81.389578	0.570178	99.899384
2020-04-11	70.907573	70.907573	0.762453	99.665956
2020-04-12	65.354155	65.354155	1.023962	99.789146
2020-04-13	79.041699	79.041699	5.302139	99.890789
2020-04-14	36.423337	36.423337	0	99.185708
2020-04-15	0	0	0	96.883417
2020-04-16	0	0	0	86.288673
2020-04-17	0	0	0	90.055574
2020-04-18	0	0	0	89.943743
2020-04-19	2.691864	2.691864	0	93.887926
2020-04-20	9.928985	9.928985	0	81.677703
2020-04-21	2.030744	2.030744	0	86.493234
2020-04-22	21.265706	21.265706	0	92.612178
2020-04-23	60.857933	60.857933	0	95.549834
2020-04-24	33.999168	33.999168	0	99.771169
2020-04-25	10.3729	10.3729	0	95.61711
2020-04-26	0	0	0	96.094276
2020-04-27	21.051745	21.051745	0	99.989015
2020-04-28	50.472147	50.472147	0	99.714734
2020-04-29	52.882642	52.882642	0	98.503003
2020-04-30	49.808794	49.808794	0	99.786963
2020-05-01	22.313766	22.313766	0	99.548404
2020-05-02	18.698741	18.698741	0	99.953625
2020-05-03	8.938978	8.938978	0	99.999271
2020-05-04	16.891812	16.891812	0	99.916742
2020-05-05	8.013708	8.013708	0	99.593476
2020-05-06	0	0	0	98.080484
2020-05-07	0	0	0	96.537545
2020-05-08	0	0	0	95.572505
2020-05-09	0	0	0	95.01648
2020-05-10	0	0	0	98.065198
2020-05-11	0	0	0	97.252938
2020-05-12	0.027582	0.027582	0	98.655856
2020-05-13	0.992093	0.992093	0	99.542647
2020-05-14	0	0	0	90.844155
2020-05-15	0	0	0	99.866989
2020-05-16	0	0	0	85.000455
2020-05-17	0	0	0	93.777749
2020-05-18	0	0	0	94.485228
2020-05-19	0	0	0	90.848226
2020-05-20	6.727802	6.727802	0	78.250879
2020-05-21	43.174764	43.174764	0	79.937051
2020-05-22	38.674189	38.674189	0	95.116348
2020-05-23	44.684488	44.684488	0	94.239158
2020-05-24	30.109445	30.109445	0	97.257678
2020-05-25	14.639765	14.639765	0	99.655264
2020-05-26	0	0	0	99.984915
2020-05-27	0	0	0	97.672039
2020-05-28	0	0	0	93.456854
2020-05-29	0	0	0	91.32983
2020-05-30	0	0	0	89.196103
2020-05-31	0	0	0	99.860625
2020-06-01	0	0	0	97.766356
2020-06-02	0	0	0	91.798013
2020-06-03	0	0	0	67.870656
2020-06-04	0	0	0	66.401971
2020-06-05	0	0	0	57.975936
2020-06-06	0	0	0	49.438138
2020-06-07	0	0	0	64.339032
2020-06-08	0	0	0	75.265227
2020-06-09	0	0	0	96.465426
2020-06-10	3.564907	3.564907	0	85.831365
2020-06-11	8.60473	8.60473	0	75.246273
2020-06-12	30.867685	30.867685	0	72.168605
2020-06-13	44.463381	44.463381	0	69.653519
2020-06-14	14.335355	14.335355	0	74.235022
2020-06-15	17.3426	17.3426	0	72.917409
2020-06-16	7.927495	7.927495	0	83.584827
2020-06-17	14.284879	14.284879	0	72.726687
2020-06-18	41.963573	41.963573	0	84.237918
2020-06-19	36.838405	36.838405	0	74.346255
2020-06-20	6.529509	6.529509	0	68.328753
2020-06-21	5.790766	5.790766	0	85.012324
2020-06-22	7.0596	7.0596	0.45481	85.753041
2020-06-23	2.70854	2.70854	7.527096	96.723577
2020-06-24	0	0	1.084773	98.822862
2020-06-25	0	0	0	85.06849
2020-06-26	0.56736	0.56736	3.273802	88.16734
2020-06-27	18.3162	18.3162	8.498374	81.760662
2020-06-28	32.766703	32.766703	4.848409	63.081515
2020-06-29	45.493244	45.493244	0	82.81207
2020-06-30	39.172937	39.172937	0	82.966133
2020-07-01	11.08777	11.08777	0	93.043555
2020-07-02	0.030694	0.030694	0	92.949338
2020-07-03	0	0	0	99.385906
2020-07-04	0	0	0	90.675071
2020-07-05	0	0	0	79.525434
2020-07-06	0	0	0	92.790602
2020-07-07	0	0	0	98.151215
2020-07-08	0	0	0	99.639562
2020-07-09	0	0	0	98.238191
2020-07-10	0	0	0	97.007897
2020-07-11	0	0	0	98.366241
2020-07-12	0	0	0	88.105011
2020-07-13	0	0	0	91.999233
2020-07-14	0	0	0	84.490737
2020-07-15	0	0	0	81.879615
2020-07-16	0	0	0	71.103754
2020-07-17	0	0	0	79.538866
2020-07-18	0	0	0	91.103753
2020-07-19	0	0	0	93.68823
2020-07-20	0	0	0	81.63598
2020-07-21	0	0	0	82.909615
2020-07-22	0	0	0	84.665298
2020-07-23	0	0	0	94.770588
2020-07-24	0	0	0	90.169209
2020-07-25	0	0	0	94.001731
2020-07-26	0	0	0	90.948676
2020-07-27	0	0	0	87.514346
2020-07-28	0	0	0	98.460434
2020-07-29	0	0	0	94.482958
2020-07-30	0	0	0	78.409978
2020-07-31	0	0	0	93.072767
2020-08-01	0	0	0	68.489096
2020-08-02	0	0	0	57.21102
2020-08-03	0	0	0	22.399844
2020-08-04	0	0	0	36.769311
2020-08-05	0	0	0	30.463048
2020-08-06	0	0	0	26.276248
2020-08-07	0	0	0	49.331387
2020-08-08	0	0	0	60.66885
2020-08-09	0	0	0	59.615524
2020-08-10	0	0	0	69.121975
2020-08-11	0	0	0	42.847341
2020-08-12	0	0	0	57.700924
2020-08-13	0	0	0	37.483017
2020-08-14	0	0	0	57.702935
2020-08-15	0	0	0	65.159174
2020-08-16	0	0	0	78.375866
2020-08-17	0	0	0	52.527622
2020-08-18	0	0	0	62.902584
2020-08-19	0	0	0	48.343998
2020-08-20	0	0	0	24.347196
2020-08-21	0	0	0	0.469836
2020-08-22	0	0	0	0
2020-08-23	0	0	0	2.333775
2020-08-24	0	0	0	4.675139
2020-08-25	0	0	0	2.5324
2020-08-26	0	0	0	6.785704
2020-08-27	0	0	0	17.390663
2020-08-28	0	0	0	15.022012
2020-08-29	0	0	0	88.397264
2020-08-30	0	0	0	35.222495
2020-08-31	0	0	0	49.733321
2020-09-01	0	0	0	21.872198
2020-09-02	0	0	0	49.986974
2020-09-03	0	0	0	69.418388
2020-09-04	0	0	0	60.377832
2020-09-05	0	0	0	48.029039
2020-09-06	0	0	0	36.705568
2020-09-07	0	0	0	36.901967
2020-09-08	0	0	0	46.74994
2020-09-09	0	0	0	51.04652
2020-09-10	0	0	0	65.39513
2020-09-11	0	0	0	92.447516
2020-09-12	0	0	0	49.224853
2020-09-13	0	0	0	14.054726
2020-09-14	0	0	0	7.700888
2020-09-15	0	0	0	24.421275
2020-09-16	0	0	0	13.062905
2020-09-17	0	0	0	10.897451
2020-09-18	0	0	0	42.327697
2020-09-19	0	0	0	46.817138
2020-09-20	0	0	0	76.328375
2020-09-21	0	0	0	93.22189
2020-09-22	0	0	0	92.182973
2020-09-23	0	0	0	74.945364
2020-09-24	0	0	0	93.443647
2020-09-25	0	0	0	85.633668
2020-09-26	0	0	0	91.163877
2020-09-27	0	0	0	98.064958
2020-09-28	0	0	0	99.576111
2020-09-29	0	0	0	97.874255
2020-09-30	0	0	0	99.314843
2020-10-01	0	0	0	94.78493
2020-10-02	0	0	0	99.656813
2020-10-03	0	0	0	97.953859
2020-10-04	0	0	0	99.972505
2020-10-05	0	0	0	97.921013
2020-10-06	0	0	0	99.228987
2020-10-07	0	0	0	99.649105
2020-10-08	0	0	0	99.172645
2020-10-09	0	0	0	93.454025
2020-10-10	0	0	0	96.053671
2020-10-11	0	0	0	97.464843
2020-10-12	0	0	0	98.593362
2020-10-13	0	0	0	95.899615
2020-10-14	0	0	0	99.645036
2020-10-15	0	0	0	99.984119
2020-10-16	0	0	0	98.411675
2020-10-17	0	0	0	99.47151
2020-10-18	0	0	0	98.871902
2020-10-19	0	0	0	99.840168
2020-10-20	0	0	0	99.66251
2020-10-21	0	0	0	98.979159
2020-10-22	0	0	0	98.307358
2020-10-23	0	0	0	98.655052
2020-10-24	0	0	0	96.340771
2020-10-25	0	0	0	93.051634
2020-10-26	0	0	0	96.636914
2020-10-27	0	0	0	97.846667
2020-10-28	0	0	0	98.992256
2020-10-29	0	0	0	96.66337
2020-10-30	0	0	0	99.691887
2020-10-31	0	0	0	94.102712
2020-11-01	0	0	0	89.445073
2020-11-02	0	0	0	99.972029
2020-11-03	0	0	0	99.495361
2020-11-04	0	0	0	96.109182
2020-11-05	0	0	0	97.892301
2020-11-06	0.127162	0.127162	0	96.609483
2020-11-07	0	0	0	100
2020-11-08	0	0	0	96.333494
2020-11-09	0	0	0	97.244514
2020-11-10	0	0	0	98.060275
2020-11-11	0	0	0	89.131296
2020-11-12	0	0	0	94.951497
2020-11-13	0	0	0	92.441332
2020-11-14	0	0	0	95.690226
2020-11-15	0	0	0	98.933349
2020-11-16	0	0	0	96.701295
2020-11-17	0	0	0	99.111511
2020-11-18	0	0	0	94.689452
2020-11-19	0	0	0	89.862897
2020-11-20	0	0	0	97.782936
2020-11-21	0	0	0	99.777673
2020-11-22	0	0	0	98.073785
2020-11-23	0	0	0	99.450185
2020-11-24	0	0	0	99.223408
2020-11-25	0	0	0	96.347083
2020-11-26	0.185068	0.185068	0	98.346404
2020-11-27	0	0	0	95.889396
2020-11-28	0	0	0	95.44835
2020-11-29	0.021371	0.021371	0	92.936734
2020-11-30	16.552549	16.552549	0	96.102371
2020-12-01	5.459065	5.459065	0	98.606146
2020-12-02	2.269819	2.269819	0	99.768029
2020-12-03	0	0	0	96.367175
2020-12-04	0	0	0	96.205942
2020-12-05	0	0	0	98.927841
2020-12-06	0	0	0	98.607297
2020-12-07	0	0	0	96.621487
2020-12-08	0	0	0	99.487844
2020-12-09	0.297552	0.297552	0	99.936035
2020-12-10	0	0	0	99.906521
2020-12-11	0	0	0	99.950947
2020-12-12	0	0	0	100
2020-12-13	0.062951	0.062951	0	100
2020-12-14	0	0	0	97.223684
2020-12-15	0	0	0	97.289747
2020-12-16	0	0	0	94.140713
2020-12-17	0	0	0	98.902434
2020-12-18	0	0	0	97.663747
2020-12-19	0	0	0	99.887326
2020-12-20	0	0	0	99.875534
2020-12-21	0	0	0	98.363986
2020-12-22	0	0	0	99.910289
2020-12-23	0	0	0	99.27382
2020-12-24	0	0	0	99.22991
2020-12-25	0	0	0	97.699305
2020-12-26	0	0	0	99.868506
2020-12-27	0	0	0	99.191926
2020-12-28	0	0	0	99.992928
2020-12-29	0	0	0	99.99915
2020-12-30	0	0	0	98.686191
2020-12-31	0	0	0	99.225662
2021-01-01	0	0	0	98.60125
