date	HG-IV	Fevi	F4	EGC
2016-05-01	22.382113	22.382113	64.876708	-38.396864
2016-05-02	23.414851	23.414851	65.704923	-50.366674
2016-05-03	25.347332	25.347332	69.071476	-50.804384
2016-05-04	25.347332	25.347332	76.009574	-18.840159
2016-05-05	37.917992	37.917992	75.417142	-6.539195
2016-05-06	37.698572	37.698572	75.417142	-3.845592
2016-05-07	33.099209	33.099209	75.417142	-16.160175
2016-05-08	33.099209	33.099209	79.953671	-7.186796
2016-05-09	31.101509	31.101509	75.417142	-6.689921
2016-05-10	25.347332	25.347332	75.417142	-20.705481
2016-05-11	29.270734	29.270734	75.417142	-20.047416
2016-05-12	39.527941	39.527941	75.417142	7.186796
2016-05-13	65.459688	65.459688	79.953671	-3.845592
2016-05-14	73.337106	73.337106	76.009574	7.186796
2016-05-15	74.403482	74.403482	79.953671	-6.689921
2016-05-16	67.269246	67.269246	79.953671	-20.047416
2016-05-17	73.85892	73.85892	79.953671	-11.595707
2016-05-18	85.358459	85.358459	75.417142	-11.595707
2016-05-19	99.699757	99.699757	75.417142	8.510357
2016-05-20	79.776608	79.776608	75.417142	-11.595707
2016-05-21	65.459688	65.459688	66.617712	-15.68695
2016-05-22	62.375593	62.375593	75.417142	-7.186796
2016-05-23	53.762974	53.762974	76.009574	-6.689921
2016-05-24	55.506477	55.506477	76.009574	-3.845592
2016-05-25	53.762974	53.762974	75.417142	-7.399599
2016-05-26	41.826583	41.826583	79.953671	-16.160175
2016-05-27	54.506736	54.506736	79.815974	-6.689921
2016-05-28	48.154775	48.154775	78.708668	-2.327171
2016-05-29	35.059135	35.059135	79.953671	-11.951009
2016-05-30	23.414851	23.414851	68.792576	-6.689921
2016-05-31	29.512435	29.512435	73.361661	-2.327171
2016-06-01	31.101509	31.101509	76.009574	-3.845592
2016-06-02	22.382113	22.382113	72.272008	-10.008535
2016-06-03	31.101509	31.101509	75.417142	-10.008535
2016-06-04	25.347332	25.347332	66.617712	-7.399599
2016-06-05	41.995562	41.995562	75.417142	-3.845592
2016-06-06	65.581034	65.581034	75.417142	-6.689921
2016-06-07	78.00813	78.00813	66.617712	-13.083598
2016-06-08	79.776608	79.776608	79.953671	-16.190114
2016-06-09	65.459688	65.459688	76.009574	-16.190114
2016-06-10	53.762974	53.762974	81.371307	-19.072334
2016-06-11	50.896582	50.896582	76.009574	-29.322438
2016-06-12	51.742267	51.742267	84.205534	-24.264837
2016-06-13	46.598066	46.598066	91.524883	-17.111008
2016-06-14	41.995562	41.995562	75.417142	-11.595707
2016-06-15	37.917992	37.917992	76.009574	-2.327171
2016-06-16	59.547295	59.547295	87.563432	-31.220938
2016-06-17	60.452096	60.452096	79.924957	-25.037491
2016-06-18	64.393147	64.393147	67.346022	-25.037491
2016-06-19	64.393147	64.393147	80.986445	-18.840159
2016-06-20	42.761767	42.761767	79.815974	-34.556229
2016-06-21	17.003417	17.003417	71.241461	-34.556229
2016-06-22	9.762336	9.762336	62.301157	-18.840159
2016-06-23	11.984084	11.984084	45.827885	-12.872374
2016-06-24	16.475805	16.475805	34.662268	-12.694357
2016-06-25	23.076943	23.076943	74.352925	-34.606315
2016-06-26	22.382113	22.382113	72.272008	-6.539195
2016-06-27	23.414851	23.414851	65.704923	-2.327171
2016-06-28	17.491371	17.491371	57.173245	-2.327171
2016-06-29	11.984084	11.984084	58.246633	-3.845592
2016-06-30	20.815319	20.815319	60.055421	-12.694357
2016-07-01	35.701492	35.701492	79.636829	-11.595707
2016-07-02	37.406501	37.406501	77.39976	-6.689921
2016-07-03	25.97838	25.97838	65.704923	7.399599
2016-07-04	43.146923	43.146923	79.924957	14.704675
2016-07-05	45.292277	45.292277	76.009574	6.689921
2016-07-06	35.528445	35.528445	80.986445	-3.845592
2016-07-07	35.059135	35.059135	83.081983	-7.186796
2016-07-08	43.146923	43.146923	91.524883	-2.327171
2016-07-09	56.872331	56.872331	75.417142	14.704675
2016-07-10	77.564248	77.564248	86.10611	18.892631
2016-07-11	88.223956	88.223956	84.205534	19.520834
2016-07-12	113.232776	113.232776	84.205534	16.133143
2016-07-13	126.05989	126.05989	88.696042	15.766072
2016-07-14	131.803529	131.803529	80.986445	14.704675
2016-07-15	118.790111	118.790111	83.347368	10.355592
2016-07-16	118.721352	118.721352	85.105533	18.892631
2016-07-17	120.929195	120.929195	88.696042	15.766072
2016-07-18	125.306501	125.306501	87.563432	23.937334
2016-07-19	138.367604	138.367604	88.696042	21.614212
2016-07-20	132.056536	132.056536	84.685667	21.614212
2016-07-21	121.739683	121.739683	67.346022	18.892631
2016-07-22	119.181731	119.181731	75.891826	27.126395
2016-07-23	118.790111	118.790111	72.420457	24.062424
2016-07-24	112.203226	112.203226	76.009574	14.704675
2016-07-25	105.698667	105.698667	76.009574	2.327171
2016-07-26	105.698667	105.698667	87.563432	8.510357
2016-07-27	100.759555	100.759555	72.420457	-10.008535
2016-07-28	91.558598	91.558598	75.891826	-16.160175
2016-07-29	86.452206	86.452206	72.420457	-10.68472
2016-07-30	79.825	79.825	75.236448	-2.327171
2016-07-31	82.069332	82.069332	79.924957	14.772093
2016-08-01	88.388672	88.388672	76.009574	10.355592
2016-08-02	85.358459	85.358459	80.986445	11.951009
2016-08-03	73.390543	73.390543	79.815974	-3.845592
2016-08-04	66.969874	66.969874	81.371307	-10.355592
2016-08-05	60.452096	60.452096	84.205534	-2.327171
2016-08-06	73.390543	73.390543	75.417142	-3.845592
2016-08-07	73.390543	73.390543	80.90332	14.772093
2016-08-08	82.069332	82.069332	79.815974	8.510357
2016-08-09	96.049397	96.049397	91.524883	8.510357
2016-08-10	99.856378	99.856378	91.524883	14.704675
2016-08-11	99.209128	99.209128	86.10611	14.772093
2016-08-12	94.438234	94.438234	82.984759	10.355592
2016-08-13	99.209128	99.209128	76.009574	20.910163
2016-08-14	105.698667	105.698667	76.009574	27.465226
2016-08-15	92.997242	92.997242	84.205534	23.259348
2016-08-16	89.648414	89.648414	75.417142	14.704675
2016-08-17	74.403482	74.403482	84.205534	12.507608
2016-08-18	66.969874	66.969874	81.371307	7.399599
2016-08-19	66.969874	66.969874	88.696042	2.327171
2016-08-20	60.8889	60.8889	84.518302	10.355592
2016-08-21	66.969874	66.969874	79.815974	19.072334
2016-08-22	60.562017	60.562017	80.986445	27.465226
2016-08-23	66.969874	66.969874	86.10611	33.686451
2016-08-24	60.8889	60.8889	76.009574	21.988975
2016-08-25	54.167259	54.167259	77.377487	6.539195
2016-08-26	54.167259	54.167259	84.205534	14.704675
2016-08-27	60.562017	60.562017	71.206672	10.68472
2016-08-28	41.415776	41.415776	74.699121	-6.689921
2016-08-29	45.292277	45.292277	76.009574	-17.111008
2016-08-30	49.317193	49.317193	91.524883	-15.68695
2016-08-31	54.167259	54.167259	76.009574	-7.186796
2016-09-01	41.826583	41.826583	86.10611	-17.111008
2016-09-02	41.826583	41.826583	80.986445	-17.111008
2016-09-03	35.059135	35.059135	75.891826	-15.68695
2016-09-04	41.415776	41.415776	83.395361	-20.047416
2016-09-05	35.701492	35.701492	80.056208	-12.694357
2016-09-06	29.512435	29.512435	74.352925	-18.902869
2016-09-07	35.059135	35.059135	75.154497	-6.689921
2016-09-08	35.059135	35.059135	75.154497	-2.327171
2016-09-09	28.714563	28.714563	74.352925	-2.327171
2016-09-10	28.714563	28.714563	69.071476	-6.689921
2016-09-11	17.003417	17.003417	68.792576	-2.327171
2016-09-12	9.762336	9.762336	62.301157	3.845592
2016-09-13	-6.266967	-6.266967	49.354364	-10.008535
2016-09-14	3.508839	3.508839	54.586742	-3.845592
2016-09-15	-7.79998	-7.79998	44.79352	8.510357
2016-09-16	-7.563863	-7.563863	44.489598	-2.327171
2016-09-17	-9.159069	-9.159069	40.494588	10.355592
2016-09-18	-6.266967	-6.266967	42.911335	2.327171
2016-09-19	-10.711737	-10.711737	37.174148	10.355592
2016-09-20	3.508839	3.508839	57.173245	18.892631
2016-09-21	20.560712	20.560712	63.070448	21.614212
2016-09-22	22.382113	22.382113	63.070448	18.840159
2016-09-23	16.063782	16.063782	51.854116	-2.327171
2016-09-24	19.966001	19.966001	59.409705	-3.845592
2016-09-25	22.382113	22.382113	68.792576	-7.399599
2016-09-26	19.966001	19.966001	69.071476	-10.008535
2016-09-27	23.414851	23.414851	68.792576	-3.845592
2016-09-28	22.382113	22.382113	69.071476	-11.595707
2016-09-29	35.528445	35.528445	75.417142	-15.68695
2016-09-30	59.547295	59.547295	75.417142	-7.399599
2016-10-01	87.138132	87.138132	78.070265	-17.111008
2016-10-02	95.425724	95.425724	67.346022	-15.68695
2016-10-03	85.358459	85.358459	84.205534	-11.951009
2016-10-04	68.049852	68.049852	80.986445	-28.434122
2016-10-05	63.366552	63.366552	79.924957	-28.434122
2016-10-06	51.589748	51.589748	75.417142	-28.888549
2016-10-07	48.154775	48.154775	92.982138	-37.43458
2016-10-08	23.076943	23.076943	76.086737	-28.888549
2016-10-09	16.475805	16.475805	54.586742	-46.935825
2016-10-10	41.947277	41.947277	83.395361	-27.126395
2016-10-11	35.059135	35.059135	77.454442	-52.863763
2016-10-12	23.076943	23.076943	74.352925	-25.037491
2016-10-13	24.210991	24.210991	77.591936	-26.509848
2016-10-14	23.076943	23.076943	65.704923	-41.46459
2016-10-15	16.063782	16.063782	65.704923	-20.866217
2016-10-16	9.762336	9.762336	60.777377	-25.15401
2016-10-17	6.550109	6.550109	62.445009	-36.305638
2016-10-18	28.714563	28.714563	71.49575	-46.233351
2016-10-19	28.714563	28.714563	74.352925	-40.913764
2016-10-20	22.382113	22.382113	72.272008	-42.915985
2016-10-21	23.076943	23.076943	69.071476	-44.137193
2016-10-22	31.101509	31.101509	77.39976	-32.861575
2016-10-23	29.270734	29.270734	80.056208	-32.861575
2016-10-24	28.714563	28.714563	71.49575	-28.58563
2016-10-25	23.076943	23.076943	75.417142	-24.264837
2016-10-26	28.714563	28.714563	72.420457	-20.047416
2016-10-27	41.415776	41.415776	76.009574	-15.68695
2016-10-28	41.947277	41.947277	80.986445	-10.008535
2016-10-29	49.317193	49.317193	97.965615	-10.008535
2016-10-30	45.292277	45.292277	80.986445	10.355592
2016-10-31	43.146923	43.146923	86.126132	12.507608
2016-11-01	41.415776	41.415776	80.986445	-2.327171
2016-11-02	35.701492	35.701492	72.420457	-2.327171
2016-11-03	39.527941	39.527941	63.895143	-11.595707
2016-11-04	41.995562	41.995562	69.237969	-3.845592
2016-11-05	29.175937	29.175937	81.304284	-3.845592
2016-11-06	3.508839	3.508839	57.75744	-24.264837
2016-11-07	11.984084	11.984084	57.173245	-31.220938
2016-11-08	22.382113	22.382113	54.84115	-7.186796
2016-11-09	17.491371	17.491371	59.409705	-31.220938
2016-11-10	31.101509	31.101509	71.035542	-7.186796
2016-11-11	35.059135	35.059135	71.035542	-3.845592
2016-11-12	41.415776	41.415776	77.454442	-2.327171
2016-11-13	28.714563	28.714563	77.454442	-2.327171
2016-11-14	28.714563	28.714563	72.420457	-12.694357
2016-11-15	43.146923	43.146923	75.417142	-2.327171
2016-11-16	34.545422	34.545422	75.417142	7.399599
2016-11-17	24.210991	24.210991	76.009574	2.327171
2016-11-18	43.146923	43.146923	80.986445	-3.845592
2016-11-19	56.872331	56.872331	75.417142	-7.399599
2016-11-20	55.506477	55.506477	75.417142	-20.707672
2016-11-21	64.42019	64.42019	80.986445	-20.047416
2016-11-22	73.85892	73.85892	80.986445	-16.160175
2016-11-23	82.388024	82.388024	80.986445	-11.595707
2016-11-24	76.665074	76.665074	76.009574	-10.008535
2016-11-25	85.783568	85.783568	79.924957	-3.845592
2016-11-26	76.665074	76.665074	75.417142	-2.327171
2016-11-27	65.66112	65.66112	80.986445	-3.845592
2016-11-28	77.564248	77.564248	75.417142	-3.845592
2016-11-29	88.223956	88.223956	75.417142	-10.008535
2016-11-30	113.88105	113.88105	80.986445	-7.186796
2016-12-01	102.897627	102.897627	80.986445	-16.160175
2016-12-02	88.649724	88.649724	80.986445	-17.510752
2016-12-03	59.547295	59.547295	76.009574	-25.030896
2016-12-04	68.706267	68.706267	80.986445	-3.845592
2016-12-05	51.589748	51.589748	75.417142	-3.845592
2016-12-06	73.337106	73.337106	86.10611	-2.327171
2016-12-07	68.706267	68.706267	86.10611	-3.845592
2016-12-08	73.251602	73.251602	80.986445	-3.845592
2016-12-09	73.251602	73.251602	86.10611	-3.845592
2016-12-10	73.337106	73.337106	80.986445	-7.186796
2016-12-11	73.251602	73.251602	80.986445	-7.186796
2016-12-12	74.237657	74.237657	86.10611	-3.845592
2016-12-13	78.00813	78.00813	75.417142	-7.186796
2016-12-14	84.687308	84.687308	80.986445	-10.008535
2016-12-15	86.519475	86.519475	86.10611	-3.845592
2016-12-16	99.860325	99.860325	67.346022	-2.327171
2016-12-17	103.837444	103.837444	84.685667	-30.631124
2016-12-18	98.010466	98.010466	80.986445	-29.322438
2016-12-19	94.155012	94.155012	75.417142	-22.302148
2016-12-20	88.223956	88.223956	67.346022	-29.541136
2016-12-21	83.721654	83.721654	76.009574	-34.606315
2016-12-22	120.560776	120.560776	72.420457	-10.008535
2016-12-23	130.818156	130.818156	75.417142	-6.689921
2016-12-24	130.478187	130.478187	75.417142	10.355592
2016-12-25	110.458972	110.458972	76.009574	8.510357
2016-12-26	102.897627	102.897627	75.417142	-2.327171
2016-12-27	117.106314	117.106314	75.417142	10.355592
2016-12-28	88.223956	88.223956	75.417142	6.539195
2016-12-29	94.155012	94.155012	75.417142	39.592891
2016-12-30	130.478187	130.478187	75.417142	39.592891
2016-12-31	130.818156	130.818156	75.417142	40.251302
2017-01-01	139.421332	139.421332	84.205534	37.614203
2017-01-02	130.818156	130.818156	75.417142	23.937334
2017-01-03	126.324921	126.324921	75.417142	21.614212
2017-01-04	118.721352	118.721352	75.417142	23.937334
2017-01-05	120.929195	120.929195	67.346022	10.68472
2017-01-06	99.209128	99.209128	80.986445	-6.689921
2017-01-07	112.203226	112.203226	75.417142	14.704675
2017-01-08	104.210522	104.210522	75.417142	20.910163
2017-01-09	96.194475	96.194475	75.417142	10.355592
2017-01-10	85.783568	85.783568	75.417142	-2.327171
2017-01-11	71.472053	71.472053	75.417142	-21.393259
2017-01-12	71.472053	71.472053	75.417142	-20.047416
2017-01-13	76.665074	76.665074	75.417142	-15.68695
2017-01-14	71.472053	71.472053	75.417142	-6.689921
2017-01-15	68.049852	68.049852	80.986445	-15.68695
2017-01-16	34.638342	34.638342	48.511183	-20.047416
2017-01-17	60.562017	60.562017	75.417142	-17.111008
2017-01-18	51.213747	51.213747	75.417142	-22.302148
2017-01-19	49.317193	49.317193	75.417142	-22.302148
2017-01-20	37.917992	37.917992	71.206672	-28.434122
2017-01-21	51.589748	51.589748	75.417142	-28.888549
2017-01-22	46.598066	46.598066	80.986445	-28.434122
2017-01-23	41.995562	41.995562	75.417142	-28.434122
2017-01-24	33.099209	33.099209	75.417142	-22.302148
2017-01-25	55.506477	55.506477	75.417142	-42.967596
2017-01-26	79.402746	79.402746	75.417142	-25.902655
2017-01-27	88.223956	88.223956	75.417142	-22.302148
2017-01-28	88.223956	88.223956	80.986445	-28.58563
2017-01-29	82.388024	82.388024	80.986445	-28.888549
2017-01-30	48.154775	48.154775	75.417142	-28.58563
2017-01-31	79.776608	79.776608	80.986445	-22.940803
2017-02-01	41.415776	41.415776	75.417142	-32.861575
2017-02-02	49.317193	49.317193	75.417142	-7.186796
2017-02-03	73.85892	73.85892	72.420457	-11.595707
2017-02-04	90.987384	90.987384	76.009574	-20.047416
2017-02-05	73.337106	73.337106	72.420457	-28.58563
2017-02-06	67.269246	67.269246	79.815974	-24.264837
2017-02-07	53.762974	53.762974	67.346022	-15.766072
2017-02-08	43.146923	43.146923	79.953671	-23.360647
2017-02-09	33.99402	33.99402	72.420457	-22.940803
2017-02-10	28.714563	28.714563	67.130453	-33.467186
2017-02-11	29.270734	29.270734	72.058675	-15.68695
2017-02-12	23.076943	23.076943	57.173245	-6.689921
2017-02-13	33.099209	33.099209	73.361661	-17.510752
2017-02-14	25.347332	25.347332	71.49575	-23.360647
2017-02-15	15.340924	15.340924	71.30621	-47.950414
2017-02-16	20.560712	20.560712	76.144861	-34.88855
2017-02-17	20.560712	20.560712	76.144861	-46.770989
2017-02-18	11.226961	11.226961	66.675043	-47.950414
2017-02-19	34.545422	34.545422	75.417142	-48.392753
2017-02-20	64.393147	64.393147	75.417142	-36.305638
2017-02-21	55.506477	55.506477	75.417142	-46.770989
2017-02-22	96.049397	96.049397	80.986445	-34.556229
2017-02-23	102.49595	102.49595	75.417142	-20.866217
2017-02-24	88.649724	88.649724	76.009574	-24.264837
2017-02-25	80.854803	80.854803	75.417142	-28.434122
2017-02-26	73.677362	73.677362	76.009574	-23.360647
2017-02-27	60.562017	60.562017	75.417142	-17.510752
2017-02-28	35.701492	35.701492	80.056208	-17.510752
2017-03-01	48.154775	48.154775	75.417142	-17.510752
2017-03-02	41.415776	41.415776	75.417142	-29.322438
2017-03-03	33.99402	33.99402	76.009574	-37.148251
2017-03-04	22.382113	22.382113	67.130453	-71.088387
2017-03-05	19.966001	19.966001	65.704923	-47.416603
2017-03-06	12.33507	12.33507	67.363607	-59.518476
2017-03-07	11.226961	11.226961	63.8313	-69.239802
2017-03-08	29.270734	29.270734	80.986445	-28.58563
2017-03-09	81.575109	81.575109	80.986445	-49.989617
2017-03-10	93.193697	93.193697	75.417142	-56.7861
2017-03-11	71.079036	71.079036	75.417142	-62.902652
2017-03-12	65.581034	65.581034	75.417142	-62.902652
2017-03-13	55.546017	55.546017	84.205534	-52.001957
2017-03-14	62.375593	62.375593	75.417142	-44.137193
2017-03-15	71.472053	71.472053	75.417142	-44.137193
2017-03-16	73.633697	73.633697	75.417142	-37.151715
2017-03-17	67.251639	67.251639	75.417142	-25.037491
2017-03-18	57.403337	57.403337	73.591067	-35.33417
2017-03-19	43.392512	43.392512	77.737044	-32.861575
2017-03-20	41.415776	41.415776	64.117701	-12.694357
2017-03-21	41.995562	41.995562	73.761674	-29.322438
2017-03-22	50.896582	50.896582	68.744404	-38.69301
2017-03-23	46.598066	46.598066	75.417142	-45.730378
2017-03-24	34.545422	34.545422	75.417142	-45.730378
2017-03-25	43.087339	43.087339	66.567981	-44.137193
2017-03-26	48.154775	48.154775	69.865653	-41.889564
2017-03-27	43.392512	43.392512	61.149301	-44.137193
2017-03-28	35.528445	35.528445	53.563905	-46.935825
2017-03-29	32.093969	32.093969	71.035542	-45.730378
2017-03-30	30.735744	30.735744	56.095479	-45.730378
2017-03-31	28.714563	28.714563	53.563905	-54.315127
2017-04-01	17.491371	17.491371	63.408845	-20.125625
2017-04-02	11.226961	11.226961	63.070448	-63.137756
2017-04-03	17.003417	17.003417	60.055421	-43.104333
2017-04-04	11.226961	11.226961	65.704923	-65.724221
2017-04-05	3.508839	3.508839	54.586742	-71.491606
2017-04-06	3.508839	3.508839	57.75744	-21.393259
2017-04-07	6.266967	6.266967	58.620363	-49.724103
2017-04-08	3.508839	3.508839	57.75744	-37.348517
2017-04-09	6.550109	6.550109	62.301157	-60.392966
2017-04-10	17.003417	17.003417	71.241461	-52.105519
2017-04-11	23.076943	23.076943	76.009574	-56.192619
2017-04-12	23.076943	23.076943	76.009574	-49.724103
2017-04-13	17.003417	17.003417	71.241461	-44.676021
2017-04-14	28.815113	28.815113	80.986445	-34.103155
2017-04-15	35.059135	35.059135	75.154497	-40.913764
2017-04-16	33.99402	33.99402	75.417142	-46.770989
2017-04-17	37.917992	37.917992	72.058675	-44.137193
2017-04-18	41.995562	41.995562	80.986445	-41.369924
2017-04-19	41.995562	41.995562	75.417142	-40.913764
2017-04-20	41.415776	41.415776	75.417142	-46.950841
2017-04-21	40.043952	40.043952	73.361661	-34.88855
2017-04-22	35.059135	35.059135	80.056208	-35.33417
2017-04-23	39.527941	39.527941	80.986445	-32.861575
2017-04-24	37.061152	37.061152	75.417142	-33.467186
2017-04-25	33.99402	33.99402	76.009574	-36.305638
2017-04-26	28.714563	28.714563	73.574424	-33.467186
2017-04-27	22.382113	22.382113	71.49575	-34.606315
2017-04-28	7.79998	7.79998	53.365945	-20.866217
2017-04-29	6.550109	6.550109	62.445009	-11.595707
2017-04-30	23.414851	23.414851	65.704923	-20.047416
2017-05-01	9.762336	9.762336	42.911335	-42.093644
2017-05-02	6.550109	6.550109	62.301157	-20.047416
2017-05-03	-6.266967	-6.266967	48.817065	-40.668476
2017-05-04	-7.563863	-7.563863	40.494588	-17.111008
2017-05-05	6.550109	6.550109	60.055421	-8.510357
2017-05-06	6.550109	6.550109	60.055421	-32.382429
2017-05-07	15.340924	15.340924	67.130453	-40.252822
2017-05-08	16.063782	16.063782	63.070448	-34.606315
2017-05-09	16.063782	16.063782	54.84115	-46.068495
2017-05-10	19.966001	19.966001	72.272008	-29.222006
2017-05-11	23.076943	23.076943	75.154497	-30.631124
2017-05-12	17.003417	17.003417	63.070448	-41.369924
2017-05-13	19.966001	19.966001	59.729969	-39.292238
2017-05-14	23.414851	23.414851	51.854116	-30.854714
2017-05-15	28.714563	28.714563	52.495096	-36.305638
2017-05-16	16.063782	16.063782	39.450668	-24.264837
2017-05-17	3.508839	3.508839	33.612828	-11.595707
2017-05-18	-2.939599	-2.939599	48.817065	-10.008535
2017-05-19	-10.711737	-10.711737	44.43712	-17.111008
2017-05-20	3.508839	3.508839	44.79352	-20.047416
2017-05-21	7.79998	7.79998	27.367496	-24.264837
2017-05-22	12.192007	12.192007	39.129618	-10.008535
2017-05-23	-2.939599	-2.939599	31.690105	-2.327171
2017-05-24	-13.618341	-13.618341	44.79352	-6.539195
2017-05-25	-7.563863	-7.563863	49.933965	-2.327171
2017-05-26	-7.563863	-7.563863	48.817065	-7.399599
2017-05-27	-12.192007	-12.192007	33.612828	-18.902869
2017-05-28	-12.192007	-12.192007	28.716655	-11.595707
2017-05-29	-16.138924	-16.138924	33.150939	-49.378815
2017-05-30	-2.939599	-2.939599	51.410395	-72.789695
2017-05-31	19.966001	19.966001	67.130453	-7.399599
2017-06-01	28.714563	28.714563	71.49575	-3.845592
2017-06-02	22.382113	22.382113	63.070448	-12.872374
2017-06-03	17.491371	17.491371	58.235655	-17.111008
2017-06-04	20.815319	20.815319	41.445934	-2.327171
2017-06-05	28.714563	28.714563	45.485678	-2.327171
2017-06-06	25.308698	25.308698	45.777373	-8.510357
2017-06-07	17.003417	17.003417	45.777373	-46.950841
2017-06-08	20.815319	20.815319	51.854116	-40.668476
2017-06-09	29.687121	29.687121	53.563905	-29.322438
2017-06-10	29.512435	29.512435	52.339087	-25.048131
2017-06-11	16.063782	16.063782	51.854116	-25.048131
2017-06-12	20.815319	20.815319	39.129618	-30.03431
2017-06-13	11.984084	11.984084	39.129618	-33.920142
2017-06-14	11.984084	11.984084	33.612828	-25.833136
2017-06-15	3.508839	3.508839	37.454687	-46.935825
2017-06-16	-2.939599	-2.939599	28.550972	-45.058681
2017-06-17	-2.939599	-2.939599	40.494588	-28.393976
2017-06-18	-6.266967	-6.266967	34.662268	-19.072334
2017-06-19	-12.192007	-12.192007	44.43712	-12.694357
2017-06-20	-12.192007	-12.192007	41.3382	-18.902869
2017-06-21	-12.192007	-12.192007	40.742263	-2.327171
2017-06-22	-13.618341	-13.618341	39.945576	-6.539195
2017-06-23	-18.338456	-18.338456	37.174148	-28.434122
2017-06-24	-16.138924	-16.138924	42.911335	-16.160175
2017-06-25	-11.502351	-11.502351	45.827885	-23.360647
2017-06-26	-12.192007	-12.192007	33.150939	-11.595707
2017-06-27	-10.711737	-10.711737	34.662268	-11.595707
2017-06-28	-2.939599	-2.939599	34.662268	-22.302148
2017-06-29	-9.159069	-9.159069	48.846781	-8.510357
2017-06-30	7.563863	7.563863	48.846781	-10.008535
2017-07-01	19.966001	19.966001	73.361661	-2.327171
2017-07-02	25.97838	25.97838	65.704923	-3.845592
2017-07-03	28.714563	28.714563	69.071476	-3.845592
2017-07-04	23.076943	23.076943	69.071476	-18.902869
2017-07-05	16.063782	16.063782	53.136419	-25.15401
2017-07-06	6.550109	6.550109	45.485678	-34.88855
2017-07-07	2.939599	2.939599	43.940741	-37.148251
2017-07-08	9.159069	9.159069	33.268729	-32.861575
2017-07-09	15.340924	15.340924	32.786108	-29.222006
2017-07-10	6.550109	6.550109	27.492998	-29.441027
2017-07-11	-6.266967	-6.266967	29.854227	-28.291171
2017-07-12	-7.79998	-7.79998	29.854227	-23.937334
2017-07-13	-11.226961	-11.226961	38.451762	-37.148251
2017-07-14	-10.711737	-10.711737	21.503949	-34.88855
2017-07-15	7.79998	7.79998	33.612828	-35.33417
2017-07-16	-7.79998	-7.79998	29.854227	-28.58563
2017-07-17	-6.266967	-6.266967	41.3382	-28.434122
2017-07-18	-7.563863	-7.563863	49.354364	-31.220938
2017-07-19	17.003417	17.003417	53.563905	-23.360647
2017-07-20	6.550109	6.550109	58.246633	-23.360647
2017-07-21	-9.159069	-9.159069	31.058479	-8.510357
2017-07-22	-9.159069	-9.159069	17.72235	6.539195
2017-07-23	7.563863	7.563863	17.72235	7.399599
2017-07-24	17.491371	17.491371	42.911335	19.072334
2017-07-25	21.892817	21.892817	48.817065	37.348517
2017-07-26	36.012165	36.012165	53.136419	19.520834
2017-07-27	63.428685	63.428685	79.953671	10.68472
2017-07-28	32.452237	32.452237	26.889457	15.766072
2017-07-29	26.133018	26.133018	34.662268	14.704675
2017-07-30	41.415776	41.415776	79.953671	10.68472
2017-07-31	41.415776	41.415776	75.487133	18.892631
2017-08-01	43.392512	43.392512	76.009574	21.614212
2017-08-02	43.392512	43.392512	79.636829	23.259348
2017-08-03	43.146923	43.146923	79.636829	19.520834
2017-08-04	55.638635	55.638635	76.009574	41.818355
2017-08-05	57.403337	57.403337	79.924957	35.913982
2017-08-06	45.670746	45.670746	78.424406	18.902869
2017-08-07	87.571652	87.571652	72.420457	68.550491
2017-08-08	90.147453	90.147453	79.953671	46.434311
2017-08-09	92.593401	92.593401	79.953671	28.004921
2017-08-10	88.387529	88.387529	79.953671	101.649939
2017-08-11	119.862802	119.862802	79.953671	105.166033
2017-08-12	90.147453	90.147453	79.953671	98.39255
2017-08-13	78.663744	78.663744	75.417142	78.984114
2017-08-14	87.728835	87.728835	75.417142	116.30897
2017-08-15	92.593401	92.593401	79.953671	43.259728
2017-08-16	107.111126	107.111126	79.953671	118.469886
2017-08-17	100.759555	100.759555	72.420457	102.67289
2017-08-18	80.727609	80.727609	72.420457	92.068225
2017-08-19	74.403482	74.403482	79.953671	85.48237
2017-08-20	55.638635	55.638635	79.953671	88.498377
2017-08-21	74.403482	74.403482	79.953671	108.47774
2017-08-22	54.54807	54.54807	79.953671	96.817599
2017-08-23	63.428685	63.428685	79.953671	96.734147
2017-08-24	57.379815	57.379815	67.346022	109.958537
2017-08-25	102.232319	102.232319	79.924957	111.655745
2017-08-26	59.786485	59.786485	76.009574	126.464222
2017-08-27	40.043952	40.043952	75.154497	122.270847
2017-08-28	89.648414	89.648414	79.953671	109.517454
2017-08-29	54.135753	54.135753	79.953671	95.131978
2017-08-30	130.765242	130.765242	77.643141	145.822373
2017-08-31	126.324921	126.324921	79.953671	108.988964
2017-09-01	73.633697	73.633697	75.417142	136.548415
2017-09-02	117.795405	117.795405	79.815974	146.914751
2017-09-03	134.945831	134.945831	79.953671	128.790304
2017-09-04	111.714725	111.714725	78.708668	136.413723
2017-09-05	122.275777	122.275777	79.953671	128.774828
2017-09-06	134.945831	134.945831	79.953671	176.418776
2017-09-07	134.945831	134.945831	79.953671	184.675269
2017-09-08	134.945831	134.945831	79.924957	210.37756
2017-09-09	134.945831	134.945831	79.953671	181.53005
2017-09-10	134.892614	134.892614	79.953671	215.729618
2017-09-11	134.892614	134.892614	79.953671	207.639734
2017-09-12	134.945831	134.945831	79.953671	213.604471
2017-09-13	134.892614	134.892614	79.953671	210.37756
2017-09-14	134.945831	134.945831	79.953671	193.210104
2017-09-15	130.478187	130.478187	76.009574	181.975172
2017-09-16	130.818156	130.818156	75.417142	189.212204
2017-09-17	134.892614	134.892614	79.953671	203.499336
2017-09-18	134.945831	134.945831	79.953671	212.495058
2017-09-19	134.945831	134.945831	79.953671	201.77924
2017-09-20	134.945831	134.945831	79.953671	179.452653
2017-09-21	118.974736	118.974736	79.953671	138.606682
2017-09-22	130.914197	130.914197	78.708668	130.918729
2017-09-23	108.833799	108.833799	79.953671	105.232876
2017-09-24	116.749976	116.749976	76.009574	99.560149
2017-09-25	105.955374	105.955374	79.953671	96.292377
2017-09-26	105.698667	105.698667	79.953671	104.031867
2017-09-27	99.209128	99.209128	79.953671	82.417681
2017-09-28	2.939599	2.939599	1.860309	2.327171
2017-09-29	79.707041	79.707041	79.924957	145.000787
2017-09-30	134.945831	134.945831	79.924957	170.439674
2017-10-01	134.945831	134.945831	79.953671	159.158326
2017-10-02	130.818156	130.818156	75.417142	154.696599
2017-10-03	134.892614	134.892614	79.953671	141.166319
2017-10-04	134.945831	134.945831	79.953671	126.278835
2017-10-05	132.056536	132.056536	79.953671	105.111534
2017-10-06	126.905558	126.905558	79.953671	82.417681
2017-10-07	125.507804	125.507804	79.953671	59.789452
2017-10-08	123.080744	123.080744	71.114425	55.06149
2017-10-09	86.541612	86.541612	76.009574	44.202376
2017-10-10	89.934295	89.934295	67.346022	35.913982
2017-10-11	91.009722	91.009722	79.924957	20.910163
2017-10-12	96.194475	96.194475	76.009574	25.037491
2017-10-13	102.64041	102.64041	79.953671	24.062424
2017-10-14	115.217984	115.217984	79.953671	35.913982
2017-10-15	126.849084	126.849084	79.953671	38.642153
2017-10-16	130.818156	130.818156	75.417142	40.251302
2017-10-17	120.560776	120.560776	79.953671	28.004921
2017-10-18	114.095877	114.095877	75.417142	19.520834
2017-10-19	108.440204	108.440204	76.009574	10.68472
2017-10-20	105.33186	105.33186	79.953671	-10.008535
2017-10-21	101.753427	101.753427	76.009574	-6.539195
2017-10-22	85.358459	85.358459	79.953671	2.327171
2017-10-23	99.699757	99.699757	79.953671	-6.539195
2017-10-24	92.997242	92.997242	79.953671	-34.540442
2017-10-25	75.569842	75.569842	79.953671	-32.382429
2017-10-26	83.721654	83.721654	75.891826	-32.382429
2017-10-27	79.825	79.825	79.953671	-32.861575
2017-10-28	94.155012	94.155012	79.953671	-11.595707
2017-10-29	118.917518	118.917518	76.009574	-7.186796
2017-10-30	124.10288	124.10288	75.417142	-3.845592
2017-10-31	120.560776	120.560776	79.953671	-10.008535
2017-11-01	102.49595	102.49595	76.009574	-11.595707
2017-11-02	99.468661	99.468661	75.417142	-15.68695
2017-11-03	120.560776	120.560776	79.953671	-10.008535
2017-11-04	119.89556	119.89556	75.417142	-3.845592
2017-11-05	131.620367	131.620367	79.953671	10.355592
2017-11-06	131.603752	131.603752	79.953671	8.510357
2017-11-07	112.203226	112.203226	75.417142	6.539195
2017-11-08	105.805845	105.805845	79.953671	14.772093
2017-11-09	112.290169	112.290169	76.009574	32.333512
2017-11-10	119.54459	119.54459	79.953671	20.705481
2017-11-11	126.905558	126.905558	79.953671	14.772093
2017-11-12	134.892614	134.892614	79.953671	28.291171
2017-11-13	113.967106	113.967106	75.417142	20.910163
2017-11-14	102.49595	102.49595	79.953671	-10.008535
2017-11-15	102.64041	102.64041	79.953671	-3.845592
2017-11-16	116.749976	116.749976	79.953671	3.845592
2017-11-17	110.458972	110.458972	79.953671	7.186796
2017-11-18	130.478187	130.478187	76.009574	16.160175
2017-11-19	134.945831	134.945831	79.953671	32.333512
2017-11-20	134.892614	134.892614	79.953671	32.333512
2017-11-21	134.892614	134.892614	79.953671	29.441027
2017-11-22	134.892614	134.892614	79.953671	33.354174
2017-11-23	134.892614	134.892614	79.953671	27.126395
2017-11-24	132.056536	132.056536	79.953671	15.766072
2017-11-25	131.803529	131.803529	79.953671	14.704675
2017-11-26	113.967106	113.967106	79.953671	10.355592
2017-11-27	111.718177	111.718177	79.953671	18.892631
2017-11-28	115.217984	115.217984	76.009574	20.910163
2017-11-29	114.61292	114.61292	79.953671	23.259348
2017-11-30	94.155012	94.155012	79.953671	14.772093
2017-12-01	105.406178	105.406178	79.953671	14.704675
2017-12-02	115.217984	115.217984	75.417142	15.766072
2017-12-03	104.964947	104.964947	75.417142	-2.327171
2017-12-04	124.10288	124.10288	79.953671	6.539195
2017-12-05	134.945831	134.945831	79.953671	15.766072
2017-12-06	130.478187	130.478187	76.009574	18.892631
2017-12-07	134.945831	134.945831	79.953671	27.465226
2017-12-08	130.818156	130.818156	75.417142	29.441027
2017-12-09	130.818156	130.818156	75.417142	27.126395
2017-12-10	125.507804	125.507804	79.953671	21.614212
2017-12-11	123.080744	123.080744	79.953671	14.772093
2017-12-12	79.843327	79.843327	79.953671	10.68472
2017-12-13	64.42019	64.42019	79.953671	-6.539195
2017-12-14	118.917518	118.917518	79.953671	6.539195
2017-12-15	134.892614	134.892614	79.953671	-3.845592
2017-12-16	124.10288	124.10288	79.953671	-3.845592
2017-12-17	126.840731	126.840731	79.953671	-15.68695
2017-12-18	117.927827	117.927827	79.953671	-12.507608
2017-12-19	108.73397	108.73397	72.420457	-3.845592
2017-12-20	115.217984	115.217984	79.953671	-24.264837
2017-12-21	130.478187	130.478187	76.009574	-7.186796
2017-12-22	130.478187	130.478187	75.417142	18.892631
2017-12-23	134.892614	134.892614	79.953671	27.465226
2017-12-24	134.892614	134.892614	79.953671	36.636089
2017-12-25	134.892614	134.892614	79.953671	37.614203
2017-12-26	134.892614	134.892614	79.953671	44.622389
2017-12-27	130.818156	130.818156	75.417142	44.622389
2017-12-28	130.478187	130.478187	75.417142	31.793825
2017-12-29	134.892614	134.892614	79.953671	43.160064
2017-12-30	134.892614	134.892614	79.953671	36.043617
2017-12-31	134.892614	134.892614	79.953671	36.043617
2018-01-01	134.858007	134.858007	79.953671	30.854714
2018-01-02	134.892614	134.892614	79.953671	43.104333
2018-01-03	124.10288	124.10288	79.953671	32.333512
2018-01-04	100.09424	100.09424	79.953671	27.126395
2018-01-05	134.892614	134.892614	79.953671	40.813249
2018-01-06	130.818156	130.818156	75.417142	39.88442
2018-01-07	134.892614	134.892614	79.953671	44.622389
2018-01-08	134.892614	134.892614	79.953671	45.945494
2018-01-09	130.818156	130.818156	75.417142	36.043617
2018-01-10	122.044381	122.044381	66.617712	39.88442
2018-01-11	125.697248	125.697248	79.953671	27.630586
2018-01-12	117.106314	117.106314	76.009574	18.892631
2018-01-13	102.49595	102.49595	71.206672	18.603365
2018-01-14	88.223956	88.223956	75.417142	23.259348
2018-01-15	88.649724	88.649724	72.420457	20.910163
2018-01-16	130.818156	130.818156	75.417142	33.354174
2018-01-17	134.892614	134.892614	79.953671	41.100504
2018-01-18	130.818156	130.818156	75.417142	54.359432
2018-01-19	130.478187	130.478187	75.417142	51.335277
2018-01-20	134.892614	134.892614	79.953671	48.895819
2018-01-21	130.478187	130.478187	75.417142	28.291171
2018-01-22	134.892614	134.892614	79.953671	20.910163
2018-01-23	122.797877	122.797877	75.417142	-3.845592
2018-01-24	117.607355	117.607355	75.417142	-6.689921
2018-01-25	130.951638	130.951638	79.953671	14.704675
2018-01-26	118.790111	118.790111	75.417142	-10.008535
2018-01-27	108.440204	108.440204	74.699121	-11.595707
2018-01-28	95.425724	95.425724	75.417142	-15.68695
2018-01-29	99.338306	99.338306	75.417142	-15.68695
2018-01-30	95.628564	95.628564	75.417142	-17.111008
2018-01-31	102.897627	102.897627	76.009574	-7.186796
2018-02-01	104.964947	104.964947	75.417142	-2.327171
2018-02-02	97.486001	97.486001	75.417142	-2.327171
2018-02-03	88.649724	88.649724	76.009574	-3.845592
2018-02-04	83.348215	83.348215	74.699121	-2.327171
2018-02-05	82.388024	82.388024	71.206672	-7.186796
2018-02-06	100.109854	100.109854	75.417142	8.510357
2018-02-07	106.24862	106.24862	76.009574	-3.845592
2018-02-08	104.964947	104.964947	76.009574	-16.160175
2018-02-09	119.54459	119.54459	75.417142	-15.68695
2018-02-10	129.446273	129.446273	75.417142	-10.008535
2018-02-11	105.406178	105.406178	75.417142	-11.595707
2018-02-12	105.406178	105.406178	79.953671	-10.008535
2018-02-13	105.406178	105.406178	79.953671	-10.008535
2018-02-14	122.832411	122.832411	79.953671	-3.845592
2018-02-15	123.077323	123.077323	75.417142	-2.327171
2018-02-16	120.701601	120.701601	75.417142	10.355592
2018-02-17	107.53285	107.53285	75.417142	14.704675
2018-02-18	118.721352	118.721352	75.417142	8.510357
2018-02-19	118.721352	118.721352	75.417142	-2.327171
2018-02-20	106.277344	106.277344	75.417142	12.507608
2018-02-21	112.203226	112.203226	76.009574	14.772093
2018-02-22	118.721352	118.721352	76.009574	15.766072
2018-02-23	130.478187	130.478187	75.417142	15.766072
2018-02-24	121.739683	121.739683	67.346022	31.699434
2018-02-25	130.478187	130.478187	75.417142	52.644188
2018-02-26	119.54459	119.54459	79.953671	58.278652
2018-02-27	99.209128	99.209128	79.953671	28.393976
2018-02-28	82.069332	82.069332	75.417142	14.704675
2018-03-01	73.85892	73.85892	75.417142	8.510357
2018-03-02	68.049852	68.049852	75.417142	-2.327171
2018-03-03	73.251602	73.251602	75.417142	6.539195
2018-03-04	80.101218	80.101218	76.009574	-3.845592
2018-03-05	76.665074	76.665074	75.417142	-3.845592
2018-03-06	73.85892	73.85892	75.417142	-10.008535
2018-03-07	68.049852	68.049852	75.417142	-10.008535
2018-03-08	68.049852	68.049852	75.417142	-10.008535
2018-03-09	65.459688	65.459688	75.417142	-10.008535
2018-03-10	57.247893	57.247893	75.417142	-16.160175
2018-03-11	49.317193	49.317193	75.417142	-16.160175
2018-03-12	37.061152	37.061152	75.417142	-17.111008
2018-03-13	43.146923	43.146923	75.417142	-20.866217
2018-03-14	23.076943	23.076943	75.417142	-18.902869
2018-03-15	35.528445	35.528445	47.317292	-10.008535
2018-03-16	54.135753	54.135753	74.699121	-18.902869
2018-03-17	33.099209	33.099209	75.417142	-3.845592
2018-03-18	79.776608	79.776608	75.417142	-3.845592
2018-03-19	113.967106	113.967106	75.417142	18.892631
2018-03-20	113.967106	113.967106	75.417142	21.614212
2018-03-21	123.080744	123.080744	75.417142	27.465226
2018-03-22	115.205664	115.205664	75.417142	45.945494
2018-03-23	107.53285	107.53285	79.953671	39.592891
2018-03-24	104.210522	104.210522	75.417142	32.333512
2018-03-25	104.210522	104.210522	75.417142	27.465226
2018-03-26	98.010466	98.010466	76.009574	18.892631
2018-03-27	79.776608	79.776608	76.009574	14.772093
2018-03-28	83.721654	83.721654	76.009574	18.892631
2018-03-29	79.776608	79.776608	75.417142	8.510357
2018-03-30	82.388024	82.388024	75.417142	8.510357
2018-03-31	79.843327	79.843327	79.953671	-3.845592
2018-04-01	80.854803	80.854803	75.417142	-10.008535
2018-04-02	87.138132	87.138132	79.953671	-3.845592
2018-04-03	88.649724	88.649724	75.417142	-2.327171
2018-04-04	88.649724	88.649724	79.953671	-2.327171
2018-04-05	87.138132	87.138132	79.953671	6.539195
2018-04-06	87.138132	87.138132	75.417142	10.355592
2018-04-07	79.843327	79.843327	75.417142	-2.327171
2018-04-08	69.550766	69.550766	75.417142	6.539195
2018-04-09	69.335383	69.335383	75.417142	10.355592
2018-04-10	56.872331	56.872331	75.417142	-2.327171
2018-04-11	55.546017	55.546017	75.417142	-3.845592
2018-04-12	76.665074	76.665074	75.417142	-17.510752
2018-04-13	87.07974	87.07974	79.953671	-13.083598
2018-04-14	54.54807	54.54807	75.417142	-20.707672
2018-04-15	41.415776	41.415776	76.009574	-29.541136
2018-04-16	35.701492	35.701492	75.417142	-37.699764
2018-04-17	68.049852	68.049852	75.417142	-26.509848
2018-04-18	86.452206	86.452206	75.417142	-20.047416
2018-04-19	85.783568	85.783568	76.009574	-22.302148
2018-04-20	77.564248	77.564248	75.417142	-18.840159
2018-04-21	69.550766	69.550766	76.009574	-11.595707
2018-04-22	68.049852	68.049852	79.953671	-11.595707
2018-04-23	56.872331	56.872331	79.953671	-20.047416
2018-04-24	71.079036	71.079036	79.953671	-12.872374
2018-04-25	78.232293	78.232293	76.009574	-7.186796
2018-04-26	69.335383	69.335383	75.417142	-2.327171
2018-04-27	55.506477	55.506477	79.953671	-3.845592
2018-04-28	55.546017	55.546017	79.953671	-3.845592
2018-04-29	50.896582	50.896582	79.953671	-6.689921
2018-04-30	46.598066	46.598066	76.009574	-2.327171
2018-05-01	79.776608	79.776608	79.953671	-3.845592
2018-05-02	94.107706	94.107706	79.815974	-3.845592
2018-05-03	92.224642	92.224642	79.953671	-3.845592
2018-05-04	102.64041	102.64041	76.009574	14.704675
2018-05-05	108.589477	108.589477	79.953671	18.603365
2018-05-06	123.080744	123.080744	76.009574	39.292238
2018-05-07	115.205664	115.205664	79.953671	34.103155
2018-05-08	121.607228	121.607228	76.009574	27.126395
2018-05-09	126.849084	126.849084	75.417142	27.126395
2018-05-10	130.818156	130.818156	75.417142	8.510357
2018-05-11	130.478187	130.478187	75.417142	7.399599
2018-05-12	129.446273	129.446273	75.417142	30.854714
2018-05-13	112.391366	112.391366	72.420457	6.539195
2018-05-14	100.167123	100.167123	75.417142	6.539195
2018-05-15	96.776082	96.776082	75.417142	10.355592
2018-05-16	105.406178	105.406178	75.417142	6.539195
2018-05-17	94.740957	94.740957	75.417142	13.083598
2018-05-18	115.205664	115.205664	71.206672	28.004921
2018-05-19	110.458972	110.458972	75.417142	34.103155
2018-05-20	105.406178	105.406178	75.417142	37.614203
2018-05-21	130.818156	130.818156	75.417142	46.434311
2018-05-22	130.478187	130.478187	75.417142	33.328783
2018-05-23	130.818156	130.818156	75.417142	33.328783
2018-05-24	126.192126	126.192126	72.420457	53.884442
2018-05-25	130.478187	130.478187	75.417142	38.642153
2018-05-26	123.080744	123.080744	75.417142	35.913982
2018-05-27	101.123339	101.123339	75.417142	33.328783
2018-05-28	100.167123	100.167123	75.417142	33.354174
2018-05-29	88.649724	88.649724	75.417142	20.125625
2018-05-30	79.843327	79.843327	75.417142	33.354174
2018-05-31	68.049852	68.049852	71.206672	33.354174
2018-06-01	86.519475	86.519475	75.417142	29.441027
2018-06-02	94.155012	94.155012	75.417142	23.259348
2018-06-03	85.783568	85.783568	71.206672	35.913982
2018-06-04	94.155012	94.155012	75.417142	20.910163
2018-06-05	130.478187	130.478187	75.417142	23.937334
2018-06-06	130.818156	130.818156	75.417142	18.892631
2018-06-07	125.697248	125.697248	75.417142	20.910163
2018-06-08	117.219184	117.219184	75.417142	15.766072
2018-06-09	104.964947	104.964947	75.417142	10.355592
2018-06-10	110.013081	110.013081	75.417142	18.892631
2018-06-11	119.85237	119.85237	75.417142	23.259348
2018-06-12	111.718177	111.718177	75.417142	14.704675
2018-06-13	108.440204	108.440204	75.417142	14.704675
2018-06-14	102.897627	102.897627	75.417142	12.507608
2018-06-15	102.897627	102.897627	75.417142	14.772093
2018-06-16	109.011989	109.011989	72.149371	16.133143
2018-06-17	120.560776	120.560776	75.417142	24.726186
2018-06-18	108.440204	108.440204	75.417142	18.892631
2018-06-19	105.406178	105.406178	75.417142	15.766072
2018-06-20	106.344366	106.344366	75.417142	2.327171
2018-06-21	100.167123	100.167123	75.417142	-6.539195
2018-06-22	98.010466	98.010466	75.417142	-15.68695
2018-06-23	102.64041	102.64041	75.417142	-11.595707
2018-06-24	100.759555	100.759555	75.417142	-7.186796
2018-06-25	88.649724	88.649724	75.417142	-2.327171
2018-06-26	82.255764	82.255764	75.417142	6.539195
2018-06-27	80.033906	80.033906	75.417142	6.539195
2018-06-28	73.85892	73.85892	75.417142	6.539195
2018-06-29	71.472053	71.472053	75.417142	14.704675
2018-06-30	71.472053	71.472053	75.417142	15.766072
2018-07-01	65.459688	65.459688	75.417142	12.507608
2018-07-02	65.459688	65.459688	75.417142	14.704675
2018-07-03	65.459688	65.459688	75.417142	10.355592
2018-07-04	63.366552	63.366552	75.417142	8.510357
2018-07-05	61.824071	61.824071	75.417142	6.539195
2018-07-06	57.247893	57.247893	75.417142	-3.845592
2018-07-07	43.146923	43.146923	75.417142	-6.689921
2018-07-08	54.506736	54.506736	75.417142	-3.845592
2018-07-09	55.638635	55.638635	75.417142	-11.595707
2018-07-10	74.48262	74.48262	75.417142	-10.008535
2018-07-11	65.459688	65.459688	75.417142	-12.507608
2018-07-12	59.547295	59.547295	75.417142	-16.160175
2018-07-13	48.147376	48.147376	75.417142	-7.186796
2018-07-14	55.547474	55.547474	75.417142	-2.327171
2018-07-15	51.213747	51.213747	75.417142	-6.689921
2018-07-16	51.213747	51.213747	75.417142	7.399599
2018-07-17	51.213747	51.213747	75.417142	7.399599
2018-07-18	51.213747	51.213747	75.417142	-3.845592
2018-07-19	45.292277	45.292277	75.417142	10.355592
2018-07-20	63.366552	63.366552	75.417142	25.030896
2018-07-21	55.547474	55.547474	75.417142	12.694357
2018-07-22	49.317193	49.317193	75.417142	14.704675
2018-07-23	63.366552	63.366552	75.417142	29.230288
2018-07-24	87.251406	87.251406	75.417142	38.642153
2018-07-25	80.854803	80.854803	75.417142	37.480037
2018-07-26	80.101218	80.101218	75.417142	24.062424
2018-07-27	73.390543	73.390543	75.417142	18.840159
2018-07-28	79.825	79.825	75.417142	31.220938
2018-07-29	73.633697	73.633697	75.417142	25.037491
2018-07-30	73.677362	73.677362	75.417142	18.840159
2018-07-31	101.123339	101.123339	75.417142	12.694357
2018-08-01	87.251406	87.251406	75.417142	15.257894
2018-08-02	92.997242	92.997242	75.417142	43.259728
2018-08-03	92.734231	92.734231	75.417142	51.897228
2018-08-04	105.698667	105.698667	75.417142	11.784342
2018-08-05	106.568922	106.568922	75.417142	11.784342
2018-08-06	102.49595	102.49595	75.417142	-12.435298
2018-08-07	118.974736	118.974736	75.417142	-6.398128
2018-08-08	116.749976	116.749976	75.417142	-12.435298
2018-08-09	121.607228	121.607228	75.417142	-8.935369
2018-08-10	104.210522	104.210522	75.417142	6.398128
2018-08-11	101.123339	101.123339	75.417142	5.799809
2018-08-12	107.53285	107.53285	75.417142	-8.265393
2018-08-13	113.967106	113.967106	75.417142	-2.788888
2018-08-14	118.587239	118.587239	75.417142	-11.526312
2018-08-15	115.205664	115.205664	72.420457	-8.935369
2018-08-16	115.205664	115.205664	75.417142	11.270285
2018-08-17	119.54459	119.54459	75.417142	62.502195
2018-08-18	110.458972	110.458972	75.417142	49.608532
2018-08-19	123.077323	123.077323	75.417142	10.275589
2018-08-20	125.507804	125.507804	75.417142	-7.803701
2018-08-21	130.818156	130.818156	75.417142	-2.788888
2018-08-22	130.478187	130.478187	75.417142	5.799809
2018-08-23	130.818156	130.818156	75.417142	15.252375
2018-08-24	130.478187	130.478187	75.417142	-2.788888
2018-08-25	121.739683	121.739683	67.346022	-2.788888
2018-08-26	126.849084	126.849084	75.417142	-2.788888
2018-08-27	129.116584	129.116584	75.417142	16.298442
2018-08-28	128.544354	128.544354	75.417142	23.7107
2018-08-29	121.739683	121.739683	67.346022	35.068843
2018-08-30	123.132368	123.132368	72.200647	34.627884
2018-08-31	130.478187	130.478187	75.417142	52.373525
2018-09-01	115.205664	115.205664	67.346022	26.169737
2018-09-02	116.749976	116.749976	75.417142	76.463453
2018-09-03	118.587239	118.587239	75.417142	62.17486
2018-09-04	116.749976	116.749976	75.417142	48.06214
2018-09-05	116.749976	116.749976	75.417142	37.180243
2018-09-06	130.818156	130.818156	75.417142	49.740201
2018-09-07	128.93247	128.93247	75.417142	43.383311
2018-09-08	99.699757	99.699757	75.417142	36.904458
2018-09-09	83.348215	83.348215	75.417142	15.252375
2018-09-10	104.210522	104.210522	75.417142	20.455823
2018-09-11	100.167123	100.167123	75.417142	29.155009
2018-09-12	110.458972	110.458972	75.417142	15.252375
2018-09-13	122.832411	122.832411	75.417142	10.056953
2018-09-14	130.818156	130.818156	75.417142	-2.788888
2018-09-15	130.478187	130.478187	75.417142	11.270285
2018-09-16	130.818156	130.818156	75.417142	6.398128
2018-09-17	130.818156	130.818156	75.417142	2.788888
2018-09-18	130.818156	130.818156	75.417142	-2.788888
2018-09-19	130.818156	130.818156	75.417142	-7.803701
2018-09-20	130.818156	130.818156	75.417142	-16.871722
2018-09-21	130.818156	130.818156	75.417142	-16.298442
2018-09-22	130.818156	130.818156	75.417142	-3.878133
2018-09-23	130.478187	130.478187	75.417142	7.803701
2018-09-24	130.818156	130.818156	75.417142	-11.270285
2018-09-25	121.739683	121.739683	67.346022	-19.927616
2018-09-26	122.104697	122.104697	69.237969	-20.455823
2018-09-27	130.478187	130.478187	75.417142	-28.732813
2018-09-28	120.701601	120.701601	75.417142	-43.470069
2018-09-29	114.61292	114.61292	75.417142	-51.54512
2018-09-30	105.406178	105.406178	75.417142	-54.13711
2018-10-01	102.64041	102.64041	75.417142	-72.25975
2018-10-02	99.699757	99.699757	67.346022	-57.672612
2018-10-03	96.049397	96.049397	75.417142	-92.012205
2018-10-04	94.107706	94.107706	66.617712	-87.685087
2018-10-05	86.541612	86.541612	75.417142	-92.012205
2018-10-06	88.649724	88.649724	71.206672	-64.240438
2018-10-07	86.812408	86.812408	75.417142	-66.403223
2018-10-08	79.825	79.825	75.417142	-74.98213
2018-10-09	82.117245	82.117245	75.417142	-91.168445
2018-10-10	75.78795	75.78795	75.417142	-85.101526
2018-10-11	60.878669	60.878669	75.417142	-91.168445
2018-10-12	60.878669	60.878669	75.417142	-85.101526
2018-10-13	60.878669	60.878669	67.346022	-103.163722
2018-10-14	73.390543	73.390543	75.417142	-84.51152
2018-10-15	79.825	79.825	75.417142	-72.25975
2018-10-16	83.526556	83.526556	67.346022	-65.956734
2018-10-17	69.528407	69.528407	75.417142	-72.531613
2018-10-18	65.577141	65.577141	75.417142	-89.374931
2018-10-19	59.786485	59.786485	75.417142	-89.374931
2018-10-20	54.167259	54.167259	75.417142	-101.198152
2018-10-21	89.648414	89.648414	72.420457	-82.588346
2018-10-22	86.272359	86.272359	75.417142	-72.629253
2018-10-23	99.468661	99.468661	75.417142	-58.77205
2018-10-24	126.849084	126.849084	75.417142	-42.756307
2018-10-25	130.818156	130.818156	75.417142	-44.880603
2018-10-26	130.818156	130.818156	75.417142	-33.057202
2018-10-27	130.818156	130.818156	75.417142	-42.534362
2018-10-28	123.077323	123.077323	75.417142	-41.971696
2018-10-29	106.344366	106.344366	67.346022	-46.459037
2018-10-30	102.897627	102.897627	75.417142	-48.753127
2018-10-31	122.832411	122.832411	75.417142	-47.414851
2018-11-01	122.797877	122.797877	75.417142	-58.77205
2018-11-02	127.825906	127.825906	75.417142	-53.606395
2018-11-03	130.478187	130.478187	75.417142	-53.823976
2018-11-04	123.077323	123.077323	75.417142	-47.414851
2018-11-05	130.478187	130.478187	75.417142	-47.414851
2018-11-06	130.818156	130.818156	75.417142	-37.585261
2018-11-07	130.478187	130.478187	75.417142	-28.774106
2018-11-08	130.478187	130.478187	75.417142	-37.585261
2018-11-09	122.044381	122.044381	66.617712	-47.768958
2018-11-10	121.739683	121.739683	67.346022	-47.666977
2018-11-11	130.818156	130.818156	75.417142	-53.201027
2018-11-12	126.190617	126.190617	71.206672	-53.201027
2018-11-13	113.88105	113.88105	75.417142	-56.451965
2018-11-14	92.224642	92.224642	75.417142	-61.673572
2018-11-15	117.927827	117.927827	75.417142	-54.783693
2018-11-16	106.344366	106.344366	75.417142	-59.976098
2018-11-17	79.843327	79.843327	75.417142	-64.442602
2018-11-18	68.138074	68.138074	75.417142	-70.186097
2018-11-19	62.375593	62.375593	75.417142	-66.121571
2018-11-20	98.010466	98.010466	75.417142	-72.116051
2018-11-21	91.009722	91.009722	72.420457	-65.956734
2018-11-22	108.589477	108.589477	75.417142	-72.531613
2018-11-23	108.440204	108.440204	75.417142	-80.952837
2018-11-24	130.818156	130.818156	75.417142	-64.240438
2018-11-25	130.818156	130.818156	75.417142	-68.73954
2018-11-26	106.24862	106.24862	75.417142	-68.73954
2018-11-27	104.210522	104.210522	75.417142	-66.195864
2018-11-28	130.818156	130.818156	75.417142	-47.666977
2018-11-29	130.818156	130.818156	75.417142	-39.262996
2018-11-30	130.818156	130.818156	75.417142	-33.840714
2018-12-01	130.818156	130.818156	75.417142	-28.732813
2018-12-02	130.818156	130.818156	75.417142	-19.927616
2018-12-03	130.818156	130.818156	75.417142	-15.252375
2018-12-04	130.818156	130.818156	75.417142	-10.056953
2018-12-05	130.818156	130.818156	75.417142	-11.270285
2018-12-06	130.478187	130.478187	75.417142	-17.070486
2018-12-07	130.478187	130.478187	75.417142	-22.540029
2018-12-08	130.818156	130.818156	75.417142	-34.99847
2018-12-09	130.478187	130.478187	75.417142	-41.508497
2018-12-10	130.818156	130.818156	75.417142	-42.534362
2018-12-11	130.478187	130.478187	75.417142	-48.831503
2018-12-12	118.721352	118.721352	75.417142	-33.057202
2018-12-13	106.344366	106.344366	75.417142	-39.262996
2018-12-14	115.217984	115.217984	75.417142	-25.285136
2018-12-15	106.344366	106.344366	75.417142	-41.88246
2018-12-16	126.479142	126.479142	75.417142	-29.210893
2018-12-17	127.825906	127.825906	75.417142	-42.756307
2018-12-18	122.132618	122.132618	75.417142	-60.83409
2018-12-19	115.205664	115.205664	75.417142	-65.956734
2018-12-20	92.886855	92.886855	75.417142	-72.116051
2018-12-21	99.468661	99.468661	75.417142	-77.770518
2018-12-22	112.203226	112.203226	75.417142	-69.692475
2018-12-23	118.790111	118.790111	75.417142	-56.390304
2018-12-24	112.290169	112.290169	75.417142	-61.673572
2018-12-25	113.047673	113.047673	75.417142	-49.405523
2018-12-26	126.905558	126.905558	75.417142	-54.783693
2018-12-27	108.833799	108.833799	75.417142	-56.451965
2018-12-28	100.109854	100.109854	75.417142	-62.336816
2018-12-29	85.783568	85.783568	75.417142	-64.442602
2018-12-30	88.388672	88.388672	75.417142	-59.787064
2018-12-31	93.670018	93.670018	75.417142	-64.442602
2019-01-01	79.776608	79.776608	75.417142	-78.390409
2019-01-02	79.776608	79.776608	75.417142	-79.032829
2019-01-03	77.564248	77.564248	75.417142	-86.448107
2019-01-04	80.854803	80.854803	75.417142	-80.1822
2019-01-05	74.48262	74.48262	75.417142	-78.390409
2019-01-06	66.969874	66.969874	75.417142	-96.864748
2019-01-07	97.486001	97.486001	75.417142	-70.243659
2019-01-08	113.967106	113.967106	75.417142	-72.629253
2019-01-09	91.865317	91.865317	75.417142	-65.082165
2019-01-10	100.167123	100.167123	75.417142	-62.336816
2019-01-11	130.818156	130.818156	75.417142	-48.753127
2019-01-12	128.038135	128.038135	75.417142	-48.753127
2019-01-13	130.818156	130.818156	75.417142	-41.508497
2019-01-14	129.446273	129.446273	75.417142	-47.414851
2019-01-15	130.818156	130.818156	75.417142	-47.666977
2019-01-16	115.205664	115.205664	75.417142	-51.29661
2019-01-17	113.967106	113.967106	75.417142	-55.713587
2019-01-18	113.88105	113.88105	75.417142	-48.753127
2019-01-19	115.205664	115.205664	75.417142	-42.756307
2019-01-20	112.391366	112.391366	75.417142	-47.666977
2019-01-21	118.587239	118.587239	75.417142	-53.606395
2019-01-22	126.324921	126.324921	75.417142	-51.29661
2019-01-23	102.041985	102.041985	75.417142	-47.768958
2019-01-24	79.707041	79.707041	75.417142	-51.29661
2019-01-25	69.550766	69.550766	75.417142	-51.29661
2019-01-26	68.049852	68.049852	75.417142	-44.880603
2019-01-27	65.459688	65.459688	75.417142	-53.201027
2019-01-28	65.66112	65.66112	75.417142	-47.414851
2019-01-29	65.459688	65.459688	75.417142	-36.814148
2019-01-30	65.66112	65.66112	75.417142	-47.414851
2019-01-31	124.10288	124.10288	75.417142	-44.880603
2019-02-01	130.818156	130.818156	75.417142	-34.99847
2019-02-02	130.818156	130.818156	75.417142	-22.540029
2019-02-03	121.739683	121.739683	67.346022	-22.540029
2019-02-04	126.192126	126.192126	72.420457	-19.927616
2019-02-05	130.818156	130.818156	75.417142	-22.540029
2019-02-06	130.818156	130.818156	75.417142	-17.871972
2019-02-07	118.587239	118.587239	75.417142	-33.057202
2019-02-08	120.701601	120.701601	75.417142	-47.414851
2019-02-09	111.21277	111.21277	75.417142	-54.332922
2019-02-10	114.61292	114.61292	75.417142	-59.976098
2019-02-11	123.077323	123.077323	75.417142	-26.375502
2019-02-12	69.550766	69.550766	75.417142	-58.77205
2019-02-13	33.099209	33.099209	75.417142	-62.336816
2019-02-14	30.735744	30.735744	75.417142	-58.77205
2019-02-15	55.506477	55.506477	75.417142	-60.83409
2019-02-16	64.42019	64.42019	75.417142	-59.787064
2019-02-17	74.237657	74.237657	75.417142	-65.956734
2019-02-18	74.490836	74.490836	75.417142	-67.444625
2019-02-19	55.546017	55.546017	75.417142	-79.553008
2019-02-20	24.210991	24.210991	75.417142	-86.910973
2019-02-21	17.003417	17.003417	71.241461	-101.296805
2019-02-22	37.061152	37.061152	75.417142	-104.894644
2019-02-23	49.317193	49.317193	75.417142	-89.374931
2019-02-24	42.761767	42.761767	75.417142	-95.40605
2019-02-25	87.251406	87.251406	75.417142	-83.918441
2019-02-26	80.101218	80.101218	75.417142	-82.043745
2019-02-27	102.64041	102.64041	75.417142	-82.043745
2019-02-28	125.255271	125.255271	75.417142	-65.082165
2019-03-01	110.458972	110.458972	75.417142	-53.201027
2019-03-02	77.564248	77.564248	75.417142	-56.451965
2019-03-03	65.459688	65.459688	75.417142	-64.240438
2019-03-04	55.506477	55.506477	75.417142	-61.673572
2019-03-05	59.729037	59.729037	75.417142	-42.756307
2019-03-06	60.452096	60.452096	75.417142	-62.336816
2019-03-07	55.546017	55.546017	75.417142	-60.83409
2019-03-08	48.490631	48.490631	75.417142	-69.692475
2019-03-09	50.896582	50.896582	75.417142	-72.962866
2019-03-10	45.904224	45.904224	75.417142	-51.29661
2019-03-11	68.706267	68.706267	75.417142	-47.666977
2019-03-12	68.706267	68.706267	75.417142	-66.895838
2019-03-13	68.049852	68.049852	75.417142	-66.121571
2019-03-14	65.459688	65.459688	75.417142	-72.962866
2019-03-15	86.519475	86.519475	75.417142	-72.116051
2019-03-16	92.224642	92.224642	75.417142	-62.336816
2019-03-17	93.670018	93.670018	75.417142	-79.553008
2019-03-18	73.85892	73.85892	66.617712	-83.918441
2019-03-19	83.348215	83.348215	75.417142	-80.1822
2019-03-20	94.155012	94.155012	75.417142	-48.753127
2019-03-21	88.388672	88.388672	75.417142	-59.787064
2019-03-22	89.934295	89.934295	75.417142	-50.891374
2019-03-23	105.406178	105.406178	75.417142	-47.768958
2019-03-24	105.698667	105.698667	75.417142	-47.666977
2019-03-25	83.348215	83.348215	75.417142	-53.823976
2019-03-26	51.213747	51.213747	75.417142	-56.451965
2019-03-27	68.049852	68.049852	75.417142	-58.77205
2019-03-28	79.843327	79.843327	75.417142	-42.534362
2019-03-29	104.330162	104.330162	75.417142	-42.534362
2019-03-30	99.526251	99.526251	75.417142	-53.606395
2019-03-31	105.506924	105.506924	75.417142	-59.976098
2019-04-01	89.648414	89.648414	75.417142	-54.783693
2019-04-02	69.550766	69.550766	75.417142	-37.613009
2019-04-03	46.716876	46.716876	75.417142	-62.904747
2019-04-04	37.061152	37.061152	75.417142	-90.624271
2019-04-05	34.545422	34.545422	75.417142	-53.823976
2019-04-06	26.04692	26.04692	72.066901	-80.788755
2019-04-07	30.735744	30.735744	72.147703	-60.83409
2019-04-08	36.967809	36.967809	75.417142	-60.271243
2019-04-09	24.5316	24.5316	72.147703	-54.13711
2019-04-10	18.338456	18.338456	56.388733	-75.543498
2019-04-11	55.506477	55.506477	75.417142	-72.962866
2019-04-12	43.087339	43.087339	75.417142	-80.1822
2019-04-13	29.175937	29.175937	75.417142	-61.407316
2019-04-14	23.414851	23.414851	68.792576	-85.614208
2019-04-15	3.508839	3.508839	57.75744	-108.993471
2019-04-16	-2.939599	-2.939599	51.410395	-49.740201
2019-04-17	9.762336	9.762336	48.817065	-66.195864
2019-04-18	-12.33507	-12.33507	29.883968	-122.91046
2019-04-19	-2.939599	-2.939599	24.780672	-43.249038
2019-04-20	-7.563863	-7.563863	51.854116	-24.448483
2019-04-21	30.777572	30.777572	71.276245	-60.271243
2019-04-22	45.292277	45.292277	75.417142	-66.403223
2019-04-23	49.317193	49.317193	75.417142	-74.211924
2019-04-24	51.213747	51.213747	75.417142	-86.165096
2019-04-25	41.415776	41.415776	75.417142	-80.1822
2019-04-26	41.415776	41.415776	75.417142	-85.101526
2019-04-27	54.135753	54.135753	75.417142	-97.23118
2019-04-28	49.479641	49.479641	75.417142	-29.155009
2019-04-29	51.473263	51.473263	75.417142	-19.927616
2019-04-30	41.826583	41.826583	75.417142	-19.927616
2019-05-01	33.99402	33.99402	75.417142	-17.070486
2019-05-02	37.698572	37.698572	75.417142	-24.149347
2019-05-03	37.698572	37.698572	59.729969	-16.298442
2019-05-04	25.347332	25.347332	75.417142	-37.585261
2019-05-05	47.785281	47.785281	75.417142	-52.373525
2019-05-06	31.101509	31.101509	71.035542	-80.952837
2019-05-07	29.270734	29.270734	71.276245	-72.629253
2019-05-08	34.672483	34.672483	64.629165	-96.760848
2019-05-09	35.528445	35.528445	72.058675	-66.895838
2019-05-10	48.154775	48.154775	75.417142	-65.183776
2019-05-11	53.762974	53.762974	75.417142	-59.976098
2019-05-12	49.317193	49.317193	75.417142	-60.83409
2019-05-13	45.292277	45.292277	69.564799	-47.666977
2019-05-14	33.099209	33.099209	65.945774	-51.29661
2019-05-15	23.414851	23.414851	45.485678	-17.070486
2019-05-16	11.226961	11.226961	29.854227	-26.375502
2019-05-17	17.003417	17.003417	39.129618	-80.938015
2019-05-18	23.076943	23.076943	51.854116	-36.904458
2019-05-19	23.076943	23.076943	51.854116	-60.271243
2019-05-20	17.003417	17.003417	50.977587	-90.779939
2019-05-21	22.382113	22.382113	49.638094	-6.398128
2019-05-22	29.512435	29.512435	47.461736	-94.764592
2019-05-23	16.063782	16.063782	39.809197	-81.819409
2019-05-24	24.210991	24.210991	39.129618	-28.732813
2019-05-25	17.491371	17.491371	45.777373	-19.927616
2019-05-26	22.382113	22.382113	72.058675	-104.655811
2019-05-27	28.815113	28.815113	75.417142	-17.996787
2019-05-28	37.698572	37.698572	75.417142	-3.878133
2019-05-29	43.392512	43.392512	71.34472	-24.271544
2019-05-30	28.815113	28.815113	72.20206	-37.046144
2019-05-31	37.698572	37.698572	75.417142	-2.788888
2019-06-01	37.917992	37.917992	75.417142	-2.788888
2019-06-02	46.716876	46.716876	75.417142	-7.803701
2019-06-03	48.147376	48.147376	75.417142	-10.275589
2019-06-04	33.099209	33.099209	61.149301	-16.871722
2019-06-05	20.560712	20.560712	47.461736	-34.613161
2019-06-06	15.340924	15.340924	38.451762	-15.252375
2019-06-07	15.340924	15.340924	32.786108	-28.774106
2019-06-08	6.550109	6.550109	29.854227	-72.25975
2019-06-09	11.226961	11.226961	39.129618	-37.585261
2019-06-10	3.508839	3.508839	46.361529	-16.871722
2019-06-11	2.939599	2.939599	42.111639	-35.068843
2019-06-12	3.508839	3.508839	47.161403	-47.469722
2019-06-13	-10.711737	-10.711737	26.608255	-37.965311
2019-06-14	-3.508839	-3.508839	26.456492	-29.155009
2019-06-15	-7.79998	-7.79998	31.058479	-29.155009
2019-06-16	-7.563863	-7.563863	26.608255	-31.883957
2019-06-17	11.226961	11.226961	20.689564	-34.613161
2019-06-18	-6.266967	-6.266967	20.142046	-62.272475
2019-06-19	-2.939599	-2.939599	13.850295	-29.210893
2019-06-20	-7.563863	-7.563863	10.749873	-38.126975
2019-06-21	-24.743542	-24.743542	8.908421	-109.606898
2019-06-22	-21.668663	-21.668663	13.850295	-102.410016
2019-06-23	-15.416057	-15.416057	19.649555	-87.237525
2019-06-24	-22.392239	-22.392239	17.72235	-91.676622
2019-06-25	-23.826093	-23.826093	22.196651	-35.699806
2019-06-26	-27.530688	-27.530688	24.780672	-62.937942
2019-06-27	-25.386386	-25.386386	28.716655	-68.654283
2019-06-28	-7.563863	-7.563863	41.445934	-32.241464
2019-06-29	-2.939599	-2.939599	51.854116	-23.36172
2019-06-30	28.714563	28.714563	74.352925	-34.184876
2019-07-01	29.270734	29.270734	75.417142	-51.425592
2019-07-02	67.251639	67.251639	75.417142	-82.027898
2019-07-03	74.48262	74.48262	75.417142	-60.791491
2019-07-04	76.808693	76.808693	75.417142	-73.302652
2019-07-05	75.688199	75.688199	75.417142	-69.854891
2019-07-06	76.808693	76.808693	75.417142	-80.938015
2019-07-07	73.918566	73.918566	75.417142	-76.328732
2019-07-08	71.386201	71.386201	75.417142	-54.515407
2019-07-09	71.472053	71.472053	75.417142	-46.962817
2019-07-10	51.213747	51.213747	75.417142	-45.143873
2019-07-11	44.553277	44.553277	58.492674	-41.734647
2019-07-12	27.706587	27.706587	45.777373	-27.871375
2019-07-13	32.495438	32.495438	40.742263	-60.606736
2019-07-14	24.210991	24.210991	71.035542	-59.957674
2019-07-15	25.347332	25.347332	46.055544	-60.207484
2019-07-16	49.317193	49.317193	58.235655	-75.246727
2019-07-17	53.762974	53.762974	72.147703	-63.494361
2019-07-18	82.377104	82.377104	75.417142	-69.428059
2019-07-19	74.936908	74.936908	75.417142	-10.056953
2019-07-20	75.78795	75.78795	72.420457	-41.971696
2019-07-21	69.550766	69.550766	75.417142	-61.673572
2019-07-22	63.366552	63.366552	75.417142	-60.098965
2019-07-23	68.049852	68.049852	72.147703	-80.405733
2019-07-24	63.366552	63.366552	69.564799	-37.820051
2019-07-25	73.85892	73.85892	75.417142	-17.070486
2019-07-26	73.85892	73.85892	75.417142	-77.770518
2019-07-27	65.459688	65.459688	75.417142	-23.36172
2019-07-28	73.85892	73.85892	75.417142	-44.880603
2019-07-29	68.049852	68.049852	75.417142	-44.880603
2019-07-30	63.366552	63.366552	75.417142	-12.099669
2019-07-31	68.138074	68.138074	75.417142	-23.7107
2019-08-01	69.550766	69.550766	75.417142	-22.119201
2019-08-02	71.472053	71.472053	75.417142	-26.169737
2019-08-03	71.472053	71.472053	75.417142	-26.169737
2019-08-04	73.85892	73.85892	75.417142	-40.885086
2019-08-05	75.78795	75.78795	75.417142	-30.092797
2019-08-06	71.472053	71.472053	75.417142	-34.220224
2019-08-07	71.472053	71.472053	75.417142	-44.017472
2019-08-08	69.550766	69.550766	75.417142	-19.927616
2019-08-09	71.472053	71.472053	75.417142	-34.987297
2019-08-10	73.85892	73.85892	75.417142	-17.070486
2019-08-11	76.665074	76.665074	75.417142	-30.577754
2019-08-12	76.665074	76.665074	75.417142	-17.996787
2019-08-13	76.665074	76.665074	75.417142	-14.50914
2019-08-14	69.335383	69.335383	75.417142	-17.996787
2019-08-15	63.428685	63.428685	72.420457	-19.875175
2019-08-16	71.477478	71.477478	75.417142	-15.22189
2019-08-17	73.633697	73.633697	75.417142	-29.261076
2019-08-18	74.403482	74.403482	75.417142	-25.450579
2019-08-19	71.079036	71.079036	75.417142	-34.987297
2019-08-20	76.665074	76.665074	75.417142	-19.022187
2019-08-21	76.665074	76.665074	75.417142	-2.788888
2019-08-22	77.466041	77.466041	75.417142	-3.878133
2019-08-23	71.477478	71.477478	75.417142	2.788888
2019-08-24	73.251602	73.251602	75.417142	2.788888
2019-08-25	62.393934	62.393934	75.417142	-3.878133
2019-08-26	51.742267	51.742267	75.417142	-10.275589
2019-08-27	55.546017	55.546017	75.417142	10.056953
2019-08-28	64.393147	64.393147	75.417142	-2.788888
2019-08-29	60.461883	60.461883	75.417142	20.062378
2019-08-30	60.461883	60.461883	26.42744	3.878133
2019-08-31	92.479533	92.479533	41.580076	28.774106
2019-09-01	130.478187	130.478187	75.417142	2.788888
2019-09-02	130.818156	130.818156	75.417142	13.878106
2019-09-03	130.818156	130.818156	75.417142	-10.056953
2019-09-04	130.818156	130.818156	75.417142	-11.270285
2019-09-05	130.818156	130.818156	75.417142	-22.540029
2019-09-06	130.818156	130.818156	75.417142	-22.540029
2019-09-07	118.790111	118.790111	75.417142	-10.275589
2019-09-08	105.805845	105.805845	75.417142	-2.788888
2019-09-09	99.856378	99.856378	75.417142	-2.788888
2019-09-10	105.698667	105.698667	75.417142	-21.268892
2019-09-11	119.181731	119.181731	75.417142	-21.268892
2019-09-12	117.219184	117.219184	75.417142	-16.871722
2019-09-13	123.080744	123.080744	75.417142	-31.883957
2019-09-14	123.077323	123.077323	75.417142	-34.627884
2019-09-15	126.849084	126.849084	75.417142	-43.837481
2019-09-16	130.478187	130.478187	75.417142	-12.099669
2019-09-17	130.818156	130.818156	75.417142	-6.398128
2019-09-18	130.818156	130.818156	75.417142	-13.878106
2019-09-19	127.825906	127.825906	75.417142	-32.487267
2019-09-20	113.283495	113.283495	75.417142	-44.880603
2019-09-21	113.283495	113.283495	75.417142	-48.753127
2019-09-22	102.897627	102.897627	75.417142	-62.254538
2019-09-23	96.776082	96.776082	75.417142	-52.373525
2019-09-24	91.865317	91.865317	75.417142	-52.373525
2019-09-25	82.388024	82.388024	75.417142	-48.753127
2019-09-26	79.843327	79.843327	75.417142	-47.414851
2019-09-27	87.138132	87.138132	75.417142	-48.005663
2019-09-28	83.348215	83.348215	75.417142	-79.006636
2019-09-29	91.175008	91.175008	75.417142	-87.685087
2019-09-30	95.425724	95.425724	75.417142	-80.1822
2019-10-01	91.175008	91.175008	75.417142	-44.908854
2019-10-02	79.843327	79.843327	75.417142	-78.390409
2019-10-03	64.42019	64.42019	75.417142	-84.772069
2019-10-04	64.42019	64.42019	75.417142	-85.101526
2019-10-05	60.452096	60.452096	75.417142	-85.101526
2019-10-06	63.428685	63.428685	75.417142	-84.51152
2019-10-07	51.589748	51.589748	75.417142	-97.23118
2019-10-08	45.292277	45.292277	75.417142	-91.168445
2019-10-09	46.598066	46.598066	75.417142	-71.011217
2019-10-10	46.598066	46.598066	75.417142	-78.264075
2019-10-11	41.995562	41.995562	75.417142	-82.232207
2019-10-12	49.317193	49.317193	75.417142	-102.753114
2019-10-13	54.506736	54.506736	75.417142	-108.850046
2019-10-14	54.506736	54.506736	75.417142	-108.850046
2019-10-15	46.598066	46.598066	75.417142	-108.850046
2019-10-16	41.826583	41.826583	75.417142	-108.907579
2019-10-17	33.99402	33.99402	69.564799	-111.315372
2019-10-18	35.059135	35.059135	65.945774	-120.139157
2019-10-19	33.099209	33.099209	72.20206	-122.252273
2019-10-20	29.270734	29.270734	72.20206	-120.139157
2019-10-21	25.347332	25.347332	64.987363	-87.561982
2019-10-22	20.560712	20.560712	71.49575	-81.819409
2019-10-23	37.698572	37.698572	75.417142	-90.529137
2019-10-24	40.151995	40.151995	75.417142	-100.436167
2019-10-25	35.528445	35.528445	75.417142	-108.850046
2019-10-26	24.210991	24.210991	74.352925	-109.963977
2019-10-27	18.42792	18.42792	72.463085	-111.626818
2019-10-28	36.939545	36.939545	75.417142	-111.626818
2019-10-29	39.527941	39.527941	75.417142	-111.626818
2019-10-30	33.099209	33.099209	75.417142	-113.775397
2019-10-31	28.815113	28.815113	75.417142	-109.963977
2019-11-01	28.815113	28.815113	75.417142	-100.225535
2019-11-02	28.815113	28.815113	75.417142	-107.013849
2019-11-03	33.099209	33.099209	75.417142	-97.868984
2019-11-04	37.698572	37.698572	75.417142	-92.012205
2019-11-05	55.506477	55.506477	75.417142	-92.15507
2019-11-06	64.393147	64.393147	75.417142	-77.66659
2019-11-07	59.547295	59.547295	75.417142	-102.822422
2019-11-08	71.079036	71.079036	75.417142	-66.895838
2019-11-09	56.872331	56.872331	75.417142	-102.753114
2019-11-10	68.138074	68.138074	75.417142	-101.296805
2019-11-11	61.824071	61.824071	75.417142	-100.185309
2019-11-12	51.213747	51.213747	75.417142	-101.198152
2019-11-13	56.872331	56.872331	75.417142	-92.15507
2019-11-14	49.479641	49.479641	75.417142	-97.23118
2019-11-15	49.317193	49.317193	75.417142	-99.477873
2019-11-16	47.785281	47.785281	75.417142	-64.618282
2019-11-17	45.292277	45.292277	75.417142	-83.918441
2019-11-18	49.317193	49.317193	75.417142	-91.168445
2019-11-19	37.061152	37.061152	75.417142	-39.724964
2019-11-20	31.101509	31.101509	72.420457	-89.643344
2019-11-21	25.347332	25.347332	71.035542	-96.277036
2019-11-22	19.966001	19.966001	58.650736	-104.148492
2019-11-23	15.340924	15.340924	51.854116	-102.822422
2019-11-24	16.063782	16.063782	53.136419	-102.753114
2019-11-25	-2.939599	-2.939599	49.354364	-132.026095
2019-11-26	3.508839	3.508839	57.75744	-106.418249
2019-11-27	15.340924	15.340924	71.241461	-106.418249
2019-11-28	20.560712	20.560712	71.276245	-98.150767
2019-11-29	33.99402	33.99402	75.417142	-103.288635
2019-11-30	45.292277	45.292277	75.417142	-95.40605
2019-12-01	41.995562	41.995562	75.417142	-87.685087
2019-12-02	39.527941	39.527941	75.417142	-93.573516
2019-12-03	43.146923	43.146923	75.417142	-96.646307
2019-12-04	65.459688	65.459688	75.417142	-80.952837
2019-12-05	71.472053	71.472053	75.417142	-62.336816
2019-12-06	87.07974	87.07974	75.417142	-53.606395
2019-12-07	80.033906	80.033906	75.417142	-53.606395
2019-12-08	73.633697	73.633697	75.417142	-59.976098
2019-12-09	55.638635	55.638635	75.417142	-73.494808
2019-12-10	54.167259	54.167259	75.417142	-62.904747
2019-12-11	47.785281	47.785281	72.420457	-84.402425
2019-12-12	54.167259	54.167259	65.740557	-84.402425
2019-12-13	60.562017	60.562017	72.149371	-85.614208
2019-12-14	73.390543	73.390543	75.417142	-69.052776
2019-12-15	60.562017	60.562017	75.417142	-82.783505
2019-12-16	60.562017	60.562017	75.417142	-85.057997
2019-12-17	57.247893	57.247893	75.417142	-93.294311
2019-12-18	54.167259	54.167259	75.417142	-103.163722
2019-12-19	55.547474	55.547474	75.417142	-105.394026
2019-12-20	66.969874	66.969874	71.501605	-101.198152
2019-12-21	54.167259	54.167259	75.417142	-100.225535
2019-12-22	66.969874	66.969874	75.417142	-108.530775
2019-12-23	76.665074	76.665074	75.417142	-89.374931
2019-12-24	62.375593	62.375593	75.417142	-68.260472
2019-12-25	41.415776	41.415776	75.417142	-79.032829
2019-12-26	39.527941	39.527941	75.417142	-109.16651
2019-12-27	55.547474	55.547474	75.417142	-102.753114
2019-12-28	62.375593	62.375593	71.206672	-91.37952
2019-12-29	62.375593	62.375593	67.346022	-89.374931
2019-12-30	60.452096	60.452096	69.17021	-92.662364
2019-12-31	60.452096	60.452096	55.049387	-95.488464
2020-01-01	56.872331	56.872331	60.123435	-95.488464
2020-01-02	73.337106	73.337106	53.715968	-73.140252
2020-01-03	74.490836	74.490836	61.264762	-67.098395
2020-01-04	69.335383	69.335383	67.346022	-80.1822
2020-01-05	65.577141	65.577141	63.407463	-79.032829
2020-01-06	71.079036	71.079036	49.495536	-70.186097
2020-01-07	80.854803	80.854803	29.020704	-58.77205
2020-01-08	104.210522	104.210522	75.417142	-28.774106
2020-01-09	122.832411	122.832411	75.417142	-22.540029
2020-01-10	94.155012	94.155012	75.417142	-28.774106
2020-01-11	79.776608	79.776608	67.346022	-34.99847
2020-01-12	77.564248	77.564248	53.407536	-35.777172
2020-01-13	67.269246	67.269246	57.312312	-37.613009
2020-01-14	59.547295	59.547295	51.573653	-59.787064
2020-01-15	53.762974	53.762974	53.459941	-54.13711
2020-01-16	51.589748	51.589748	53.459941	-59.846239
2020-01-17	53.762974	53.762974	40.167498	-64.442602
2020-01-18	41.826583	41.826583	45.822811	-70.186097
2020-01-19	51.589748	51.589748	69.17021	-72.25975
2020-01-20	37.917992	37.917992	75.417142	-65.082165
2020-01-21	50.896582	50.896582	58.826357	-58.77205
2020-01-22	91.009722	91.009722	54.689963	-53.201027
2020-01-23	85.358459	85.358459	47.182842	-44.880603
2020-01-24	109.989798	109.989798	65.03485	-15.252375
2020-01-25	87.138132	87.138132	71.638221	-25.285136
2020-01-26	60.452096	60.452096	71.206672	-41.508497
2020-01-27	39.527941	39.527941	71.114425	-47.768958
2020-01-28	48.147376	48.147376	71.114425	-31.883957
2020-01-29	71.472053	71.472053	63.407463	-40.358355
2020-01-30	83.721654	83.721654	51.573653	-58.77205
2020-01-31	32.093969	32.093969	53.407536	-59.976098
2020-02-01	73.337106	73.337106	49.495536	-67.444625
2020-02-02	69.335383	69.335383	58.291771	-78.655236
2020-02-03	69.221799	69.221799	62.2924	-90.529137
2020-02-04	56.987483	56.987483	58.291771	-88.642445
2020-02-05	56.987483	56.987483	49.495536	-92.566294
2020-02-06	71.295907	71.295907	49.038828	-96.727948
2020-02-07	53.762974	53.762974	61.149889	-94.528616
2020-02-08	56.872331	56.872331	75.417142	-102.753114
2020-02-09	73.251602	73.251602	75.417142	-108.850046
2020-02-10	88.388672	88.388672	73.544841	-95.523339
2020-02-11	105.406178	105.406178	75.417142	-79.032829
2020-02-12	130.478187	130.478187	75.417142	-59.813901
2020-02-13	96.194475	96.194475	75.417142	-60.098965
2020-02-14	73.677362	73.677362	75.417142	-73.820254
2020-02-15	54.167259	54.167259	71.501605	-77.770518
2020-02-16	35.059135	35.059135	71.114425	-82.588346
2020-02-17	42.761767	42.761767	75.417142	-78.242543
2020-02-18	60.452096	60.452096	75.417142	-64.442602
2020-02-19	55.506477	55.506477	75.417142	-78.390409
2020-02-20	42.761767	42.761767	59.941777	-80.1822
2020-02-21	33.99402	33.99402	51.854116	-94.764592
2020-02-22	48.232939	48.232939	63.739466	-89.643344
2020-02-23	39.527941	39.527941	75.417142	-50.624023
2020-02-24	33.099209	33.099209	75.417142	-96.646307
2020-02-25	23.076943	23.076943	64.629165	-53.606395
2020-02-26	25.97838	25.97838	55.48457	-74.98213
2020-02-27	23.076943	23.076943	39.450668	-54.13711
2020-02-28	20.560712	20.560712	52.125684	-87.726086
2020-02-29	12.33507	12.33507	67.363607	-84.402425
2020-03-01	3.508839	3.508839	57.75744	-78.390409
2020-03-02	9.762336	9.762336	58.235655	-84.772069
2020-03-03	-7.563863	-7.563863	39.809197	-114.936751
2020-03-04	-2.939599	-2.939599	47.461736	-130.143013
2020-03-05	-6.266967	-6.266967	48.817065	-133.155932
2020-03-06	20.815319	20.815319	59.409705	-127.10781
2020-03-07	28.714563	28.714563	64.876708	-127.080785
2020-03-08	17.003417	17.003417	55.48457	-133.481524
2020-03-09	25.347332	25.347332	15.784034	-138.909004
2020-03-10	6.550109	6.550109	39.129618	-136.114886
2020-03-11	11.984084	11.984084	19.649555	-132.026095
2020-03-12	-2.939599	-2.939599	1.860309	-141.731719
2020-03-13	2.939599	2.939599	1.860309	-104.148492
2020-03-14	6.550109	6.550109	7.046722	-117.248308
2020-03-15	-2.939599	-2.939599	7.607335	-117.670117
2020-03-16	-6.550109	-6.550109	9.272627	-117.828939
2020-03-17	-6.266967	-6.266967	12.388324	-111.626818
2020-03-18	-10.711737	-10.711737	-1.860309	-116.924199
2020-03-19	-12.192007	-12.192007	7.829997	-124.553236
2020-03-20	-3.508839	-3.508839	-4.983125	-127.10781
2020-03-21	-2.939599	-2.939599	-7.046722	-133.481524
2020-03-22	-11.502351	-11.502351	-7.046722	-146.920662
2020-03-23	-20.337019	-20.337019	7.829997	-113.228817
2020-03-24	-9.159069	-9.159069	-7.046722	-92.662364
2020-03-25	-24.743542	-24.743542	-9.272627	-140.949005
2020-03-26	-25.386386	-25.386386	7.829997	-126.575525
2020-03-27	-16.903187	-16.903187	7.607335	-163.491517
2020-03-28	-27.9141	-27.9141	1.860309	-109.003577
2020-03-29	-19.470125	-19.470125	-7.046722	-108.530775
2020-03-30	-24.743542	-24.743542	8.908421	-170.083539
2020-03-31	-27.9141	-27.9141	7.607335	-99.477873
2020-04-01	-30.865884	-30.865884	7.607335	-165.682289
2020-04-02	-11.226961	-11.226961	-7.046722	-107.013849
2020-04-03	-28.740056	-28.740056	-7.046722	-121.013817
2020-04-04	-30.177186	-30.177186	10.749873	-149.632903
2020-04-05	-16.399064	-16.399064	26.456492	-146.909447
2020-04-06	-10.711737	-10.711737	19.649555	-124.189157
2020-04-07	-2.939599	-2.939599	24.468914	-153.924226
2020-04-08	-27.530688	-27.530688	22.999688	-158.675263
2020-04-09	-28.31231	-28.31231	20.689564	-161.053047
2020-04-10	-30.865884	-30.865884	22.196651	-168.638742
2020-04-11	-30.865884	-30.865884	22.196651	-167.03039
2020-04-12	-24.743542	-24.743542	20.689564	-164.867483
2020-04-13	-27.9141	-27.9141	14.616265	-182.446245
2020-04-14	-6.266967	-6.266967	27.492998	-163.491517
2020-04-15	28.714563	28.714563	67.130453	-144.089207
2020-04-16	35.059135	35.059135	71.035542	-150.87903
2020-04-17	28.714563	28.714563	63.070448	-136.943576
2020-04-18	34.672483	34.672483	64.629165	-132.297838
2020-04-19	12.33507	12.33507	61.441677	-101.612492
2020-04-20	9.159069	9.159069	44.79352	-63.159427
2020-04-21	12.33507	12.33507	39.809197	-43.837481
2020-04-22	-6.266967	-6.266967	41.445934	-115.28438
2020-04-23	-16.903187	-16.903187	39.945576	-128.690616
2020-04-24	-7.563863	-7.563863	39.945576	-125.177812
2020-04-25	2.939599	2.939599	44.489598	-28.732813
2020-04-26	19.966001	19.966001	59.409705	-114.024987
2020-04-27	-7.563863	-7.563863	49.933965	-159.446008
2020-04-28	-2.939599	-2.939599	45.827885	-118.546041
2020-04-29	-15.416057	-15.416057	26.608255	-66.018787
2020-04-30	-14.980829	-14.980829	24.780672	-72.917845
2020-05-01	-2.939599	-2.939599	55.28125	-88.785872
2020-05-02	3.508839	3.508839	57.75744	-106.243246
2020-05-03	6.550109	6.550109	62.445009	-111.197664
2020-05-04	6.266967	6.266967	58.620363	-90.258806
2020-05-05	6.550109	6.550109	62.445009	-77.858583
2020-05-06	24.210991	24.210991	71.49575	-62.17486
2020-05-07	33.099209	33.099209	72.058675	-59.879865
2020-05-08	41.415776	41.415776	75.417142	-98.893749
2020-05-09	41.415776	41.415776	71.035542	-110.43867
2020-05-10	47.785281	47.785281	75.417142	-116.142749
2020-05-11	41.415776	41.415776	64.987363	-92.662364
2020-05-12	24.210991	24.210991	52.339087	-103.163722
2020-05-13	16.063782	16.063782	51.854116	-137.822681
2020-05-14	53.762974	53.762974	75.417142	-41.88246
2020-05-15	51.473263	51.473263	75.1844	-92.15507
2020-05-16	41.415776	41.415776	71.035542	-37.585261
2020-05-17	41.826583	41.826583	69.564799	-89.643344
2020-05-18	37.061152	37.061152	71.035542	-91.168445
2020-05-19	29.270734	29.270734	58.038598	-87.685087
2020-05-20	9.762336	9.762336	59.729969	-95.40605
2020-05-21	-11.502351	-11.502351	48.846781	-102.753114
2020-05-22	-11.502351	-11.502351	48.846781	-97.987973
2020-05-23	-11.502351	-11.502351	48.846781	-94.764592
2020-05-24	-7.563863	-7.563863	53.365945	-78.242543
2020-05-25	7.563863	7.563863	45.827885	-64.442602
2020-05-26	25.308698	25.308698	53.136419	-53.823976
2020-05-27	56.364797	56.364797	71.035542	-47.666977
2020-05-28	60.855603	60.855603	72.20206	-57.316485
2020-05-29	51.473263	51.473263	67.483195	-66.895838
2020-05-30	48.232939	48.232939	58.650736	-21.537342
2020-05-31	48.232939	48.232939	61.441677	-57.316485
2020-06-01	48.669225	48.669225	67.483195	-65.474321
2020-06-02	43.392512	43.392512	64.629165	-71.550712
2020-06-03	31.570432	31.570432	67.130453	-79.361907
2020-06-04	28.714563	28.714563	75.417142	-34.184876
2020-06-05	31.101509	31.101509	75.417142	-17.070486
2020-06-06	31.101509	31.101509	75.417142	-7.803701
2020-06-07	28.815113	28.815113	75.417142	-53.577769
2020-06-08	30.777572	30.777572	75.417142	-85.047113
2020-06-09	17.003417	17.003417	69.071476	-86.926009
2020-06-10	9.762336	9.762336	62.301157	-47.219731
2020-06-11	3.508839	3.508839	57.75744	-36.805763
2020-06-12	-7.563863	-7.563863	53.365945	-53.658641
2020-06-13	-11.502351	-11.502351	48.846781	-46.986226
2020-06-14	3.508839	3.508839	57.75744	-42.974651
2020-06-15	3.508839	3.508839	57.75744	-49.405523
2020-06-16	6.550109	6.550109	57.173245	-42.786447
2020-06-17	6.550109	6.550109	49.354364	-42.607341
2020-06-18	-9.159069	-9.159069	39.945576	-42.974651
2020-06-19	-6.266967	-6.266967	39.945576	-42.786447
2020-06-20	2.939599	2.939599	33.150939	-34.184876
2020-06-21	11.502351	11.502351	27.367496	-52.605185
2020-06-22	13.618341	13.618341	17.72235	-24.271544
2020-06-23	13.746808	13.746808	13.399217	-81.048627
2020-06-24	26.133018	26.133018	13.850295	-72.773282
2020-06-25	21.892817	21.892817	21.503949	-108.959074
2020-06-26	19.846377	19.846377	13.850295	-62.272475
2020-06-27	7.563863	7.563863	1.860309	-82.050515
2020-06-28	-6.266967	-6.266967	8.908421	-44.017472
2020-06-29	-11.226961	-11.226961	31.058479	-42.493446
2020-06-30	-11.502351	-11.502351	48.846781	-16.256003
2020-07-01	6.550109	6.550109	62.301157	-45.649667
2020-07-02	15.340924	15.340924	63.070448	-76.737669
2020-07-03	23.414851	23.414851	64.629165	-72.524346
2020-07-04	39.527941	39.527941	75.417142	-67.106205
2020-07-05	34.672483	34.672483	69.071476	-59.879865
2020-07-06	47.785281	47.785281	75.417142	-61.278191
2020-07-07	54.167259	54.167259	75.417142	-65.139773
2020-07-08	67.269246	67.269246	75.417142	-73.869691
2020-07-09	73.677362	73.677362	75.417142	-73.869691
2020-07-10	73.677362	73.677362	75.417142	-73.510013
2020-07-11	75.78795	75.78795	75.417142	-70.94514
2020-07-12	80.854803	80.854803	75.417142	-70.186097
2020-07-13	86.541612	86.541612	75.417142	-60.83409
2020-07-14	81.897303	81.897303	75.417142	-61.673572
2020-07-15	67.251639	67.251639	75.417142	-72.617461
2020-07-16	47.785281	47.785281	75.417142	-67.554565
2020-07-17	55.547474	55.547474	75.417142	-75.246727
2020-07-18	60.562017	60.562017	75.417142	-72.773282
2020-07-19	66.969874	66.969874	75.417142	-64.442602
2020-07-20	67.269246	67.269246	75.417142	-66.121571
2020-07-21	68.138074	68.138074	75.417142	-65.956734
2020-07-22	67.269246	67.269246	75.417142	-60.098965
2020-07-23	66.969874	66.969874	75.417142	-65.082165
2020-07-24	67.251639	67.251639	75.417142	-65.956734
2020-07-25	73.390543	73.390543	75.417142	-64.442602
2020-07-26	73.390543	73.390543	75.417142	-58.77205
2020-07-27	73.390543	73.390543	75.417142	-58.77205
2020-07-28	79.707041	79.707041	75.417142	-58.77205
2020-07-29	79.707041	79.707041	75.417142	-54.783693
2020-07-30	73.390543	73.390543	75.417142	-53.201027
2020-07-31	80.033906	80.033906	75.417142	-33.840714
2020-08-01	75.688199	75.688199	75.417142	-41.212337
2020-08-02	85.591935	85.591935	75.417142	-3.878133
2020-08-03	88.857047	88.857047	75.417142	-2.788888
2020-08-04	94.121057	94.121057	75.417142	-3.878133
2020-08-05	90.919617	90.919617	75.417142	-7.803701
2020-08-06	94.438234	94.438234	75.417142	-2.788888
2020-08-07	88.149301	88.149301	75.417142	-13.878106
2020-08-08	87.07974	87.07974	75.417142	-11.526312
2020-08-09	94.438234	94.438234	75.417142	-2.788888
2020-08-10	93.456094	93.456094	75.417142	-20.390994
2020-08-11	92.886855	92.886855	75.417142	-12.099669
2020-08-12	88.149301	88.149301	75.417142	-5.799809
2020-08-13	97.595236	97.595236	75.417142	-28.774106
2020-08-14	99.738599	99.738599	75.417142	-11.784342
2020-08-15	105.698667	105.698667	75.417142	-16.040787
2020-08-16	105.805845	105.805845	75.417142	-16.944335
2020-08-17	99.209128	99.209128	75.417142	-29.210893
2020-08-18	92.886855	92.886855	75.417142	-36.743667
2020-08-19	99.468661	99.468661	75.417142	-11.270285
2020-08-20	99.468661	99.468661	75.417142	-2.788888
2020-08-21	108.833799	108.833799	75.417142	15.22189
2020-08-22	94.740957	94.740957	75.417142	21.537342
2020-08-23	96.194475	96.194475	75.417142	16.944335
2020-08-24	108.589477	108.589477	75.417142	15.252375
2020-08-25	114.61292	114.61292	75.417142	16.944335
2020-08-26	130.818156	130.818156	75.417142	12.435298
2020-08-27	126.192126	126.192126	72.420457	8.265393
2020-08-28	130.818156	130.818156	75.417142	5.799809
2020-08-29	130.478187	130.478187	75.417142	-24.149347
2020-08-30	126.190617	126.190617	71.206672	-3.878133
2020-08-31	130.478187	130.478187	75.417142	-16.256003
2020-09-01	130.818156	130.818156	75.417142	-5.799809
2020-09-02	130.478187	130.478187	75.417142	-7.803701
2020-09-03	130.818156	130.818156	75.417142	-17.070486
2020-09-04	130.818156	130.818156	75.417142	-10.056953
2020-09-05	130.818156	130.818156	75.417142	-10.056953
2020-09-06	130.818156	130.818156	75.417142	-5.799809
2020-09-07	130.478187	130.478187	75.417142	-6.398128
2020-09-08	130.818156	130.818156	75.417142	-22.540029
2020-09-09	130.818156	130.818156	75.417142	-11.270285
2020-09-10	130.818156	130.818156	75.417142	-23.100253
2020-09-11	121.739683	121.739683	67.346022	-20.455823
2020-09-12	130.478187	130.478187	75.417142	-11.270285
2020-09-13	130.818156	130.818156	75.417142	7.803701
2020-09-14	130.818156	130.818156	75.417142	8.935369
2020-09-15	130.818156	130.818156	75.417142	-2.788888
2020-09-16	130.478187	130.478187	75.417142	3.878133
2020-09-17	126.849084	126.849084	75.417142	8.265393
2020-09-18	118.917518	118.917518	75.417142	-8.935369
2020-09-19	126.05989	126.05989	75.417142	-3.878133
2020-09-20	119.54459	119.54459	75.417142	-35.777172
2020-09-21	115.205664	115.205664	75.417142	-34.99847
2020-09-22	119.85237	119.85237	75.417142	-34.99847
2020-09-23	119.85237	119.85237	75.417142	-31.883957
2020-09-24	111.718177	111.718177	69.237969	-59.846239
2020-09-25	111.718177	111.718177	74.699121	-43.837481
2020-09-26	102.897627	102.897627	75.417142	-62.254538
2020-09-27	68.138074	68.138074	75.417142	-66.403223
2020-09-28	51.213747	51.213747	75.417142	-78.264075
2020-09-29	74.490836	74.490836	72.420457	-72.116051
2020-09-30	117.219184	117.219184	75.417142	-66.121571
2020-10-01	130.818156	130.818156	75.417142	-64.442602
2020-10-02	110.458972	110.458972	75.417142	-68.926324
2020-10-03	119.54459	119.54459	71.206672	-67.098395
2020-10-04	102.49595	102.49595	75.417142	-67.512261
2020-10-05	98.010466	98.010466	75.417142	-68.73954
2020-10-06	83.721654	83.721654	75.417142	-67.642628
2020-10-07	73.85892	73.85892	75.417142	-57.443239
2020-10-08	59.547295	59.547295	75.417142	-61.673572
2020-10-09	71.079036	71.079036	75.417142	-78.242543
2020-10-10	92.224642	92.224642	75.417142	-79.032829
2020-10-11	78.232293	78.232293	75.417142	-70.186097
2020-10-12	83.721654	83.721654	75.417142	-66.895838
2020-10-13	77.564248	77.564248	67.346022	-81.819409
2020-10-14	88.223956	88.223956	75.417142	-84.402425
2020-10-15	79.776608	79.776608	75.417142	-62.502195
2020-10-16	86.272359	86.272359	75.417142	-96.646307
2020-10-17	99.468661	99.468661	75.417142	-84.073195
2020-10-18	100.109854	100.109854	75.417142	-83.814569
2020-10-19	96.776082	96.776082	75.417142	-78.87941
2020-10-20	91.009722	91.009722	75.417142	-72.629253
2020-10-21	85.783568	85.783568	75.417142	-75.983002
2020-10-22	82.388024	82.388024	75.417142	-67.098395
2020-10-23	73.85892	73.85892	75.417142	-55.345714
2020-10-24	65.66112	65.66112	75.417142	-46.459037
2020-10-25	61.824071	61.824071	71.206672	-80.952837
2020-10-26	47.785281	47.785281	75.417142	-78.87941
2020-10-27	35.059135	35.059135	75.417142	-80.952837
2020-10-28	28.714563	28.714563	75.417142	-86.448107
2020-10-29	33.099209	33.099209	71.206672	-99.477873
2020-10-30	37.917992	37.917992	75.417142	-109.340482
2020-10-31	33.99402	33.99402	67.346022	-107.013849
2020-11-01	28.815113	28.815113	75.417142	-108.993471
2020-11-02	31.101509	31.101509	75.417142	-108.907579
2020-11-03	43.146923	43.146923	75.417142	-96.277036
2020-11-04	35.059135	35.059135	75.417142	-92.662364
2020-11-05	29.512435	29.512435	74.352925	-99.856182
2020-11-06	28.714563	28.714563	71.49575	-73.140252
2020-11-07	112.719542	112.719542	75.417142	-78.87941
2020-11-08	98.010466	98.010466	75.417142	-70.243659
2020-11-09	59.800537	59.800537	75.417142	-74.211924
2020-11-10	51.589748	51.589748	75.417142	-84.073195
2020-11-11	71.079036	71.079036	67.346022	-86.625409
2020-11-12	77.564248	77.564248	71.206672	-94.783119
2020-11-13	67.251639	67.251639	75.417142	-90.949301
2020-11-14	63.428685	63.428685	72.420457	-100.185309
2020-11-15	68.706267	68.706267	62.458855	-72.629253
2020-11-16	41.947277	41.947277	75.417142	-70.243659
2020-11-17	41.995562	41.995562	75.417142	-83.918441
2020-11-18	46.716876	46.716876	75.417142	-105.394026
2020-11-19	56.987483	56.987483	75.417142	-101.198152
2020-11-20	59.800537	59.800537	75.417142	-111.315372
2020-11-21	59.547295	59.547295	75.417142	-116.924199
2020-11-22	49.317193	49.317193	75.417142	-124.553236
2020-11-23	56.872331	56.872331	75.417142	-114.720821
2020-11-24	37.917992	37.917992	75.417142	-118.69501
2020-11-25	41.995562	41.995562	75.417142	-120.471809
2020-11-26	24.210991	24.210991	75.417142	-116.924199
2020-11-27	25.347332	25.347332	65.704923	-111.626818
2020-11-28	37.406501	37.406501	67.130453	-120.471809
2020-11-29	19.966001	19.966001	72.058675	-111.318588
2020-11-30	6.550109	6.550109	62.445009	-112.847863
2020-12-01	12.192007	12.192007	63.8313	-107.013849
2020-12-02	20.308884	20.308884	66.381835	-111.318588
2020-12-03	50.896582	50.896582	75.417142	-114.720821
2020-12-04	55.506477	55.506477	75.417142	-105.745896
2020-12-05	50.896582	50.896582	75.417142	-105.394026
2020-12-06	46.716876	46.716876	75.417142	-103.163722
2020-12-07	24.210991	24.210991	75.417142	-108.907579
2020-12-08	24.5316	24.5316	74.661144	-105.0173
2020-12-09	24.5316	24.5316	74.661144	-109.003577
2020-12-10	28.815113	28.815113	75.417142	-103.163722
2020-12-11	33.099209	33.099209	75.417142	-108.993471
2020-12-12	25.347332	25.347332	75.417142	-114.720821
2020-12-13	19.966001	19.966001	75.417142	-124.553236
2020-12-14	25.347332	25.347332	75.417142	-109.172391
2020-12-15	26.225696	26.225696	75.417142	-127.376566
2020-12-16	56.872331	56.872331	75.417142	-113.9603
2020-12-17	65.459688	65.459688	75.417142	-103.163722
2020-12-18	41.995562	41.995562	75.417142	-99.477873
2020-12-19	37.917992	37.917992	75.417142	-96.277036
2020-12-20	37.698572	37.698572	75.417142	-91.37952
2020-12-21	46.716876	46.716876	75.417142	-92.012205
2020-12-22	50.896582	50.896582	75.417142	-81.819409
2020-12-23	108.440204	108.440204	75.417142	-70.186097
2020-12-24	117.219184	117.219184	75.417142	-66.895838
2020-12-25	114.095877	114.095877	75.417142	-64.618282
2020-12-26	126.849084	126.849084	75.417142	-55.713587
2020-12-27	130.818156	130.818156	75.417142	-33.057202
2020-12-28	130.818156	130.818156	75.417142	-37.585261
2020-12-29	122.797877	122.797877	75.417142	-47.666977
2020-12-30	130.478187	130.478187	75.417142	-56.451965
2020-12-31	113.88105	113.88105	75.417142	-60.83409
2021-01-01	100.167123	100.167123	75.417142	-58.77205
